1458826442.11 , 0.0141110685137 , 0.0179998874664 , 0.0130000114441
1458826442.35 , 0.119000196457 , 0.119000196457 , 0.119000196457
1458826442.61 , 0.0141110685137 , 0.0179998874664 , 0.0130000114441
1458826442.85 , 0.119000196457 , 0.119000196457 , 0.119000196457
1458826443.11 , 0.0141110685137 , 0.0179998874664 , 0.0130000114441
1458826443.35 , 0.119000196457 , 0.119000196457 , 0.119000196457
1458826443.61 , 0.0141110685137 , 0.0179998874664 , 0.0130000114441
1458826443.85 , 0.119000196457 , 0.119000196457 , 0.119000196457
1458826444.11 , 0.0141110685137 , 0.0179998874664 , 0.0130000114441
1458826444.61 , 0.0141110685137 , 0.0179998874664 , 0.0130000114441
1458826445.11 , 0.0141110685137 , 0.0179998874664 , 0.0130000114441
1458826445.35 , 0.0135483818669 , 0.0160000324249 , 0.0100002288818
1458826445.61 , 0.0141110685137 , 0.0179998874664 , 0.0130000114441
1458826445.85 , 0.0142333348592 , 0.029000043869 , 0.0110001564026
1458826446.11 , 0.0141110685137 , 0.0179998874664 , 0.0130000114441
1458826446.35 , 0.0134193512701 , 0.0169999599457 , 0.0130000114441
1458826446.61 , 0.0141110685137 , 0.0179998874664 , 0.0130000114441
1458826446.85 , 0.0134666522344 , 0.0169999599457 , 0.0110001564026
1458826447.12 , 0.0141110685137 , 0.0179998874664 , 0.0130000114441
1458826447.35 , 0.0166551573523 , 0.0320000648499 , 0.0130000114441
1458826447.62 , 0.0141110685137 , 0.0179998874664 , 0.0130000114441
1458826447.87 , 0.0153635848652 , 0.0209999084473 , 0.000999927520752
1458826448.12 , 0.0141110685137 , 0.0179998874664 , 0.0130000114441
1458826448.37 , 0.0255161177727 , 0.166999816895 , 0.000999927520752
1458826448.62 , 0.0141110685137 , 0.0179998874664 , 0.0130000114441
1458826448.87 , 0.00853329499563 , 0.0249998569489 , 0.0
1458826449.12 , 0.0141110685137 , 0.0179998874664 , 0.0130000114441
1458826449.37 , 0.010620676238 , 0.0209999084473 , 0.00200009346008
1458826449.63 , 0.0141110685137 , 0.0179998874664 , 0.0130000114441
1458826449.87 , 0.0113928573472 , 0.0260000228882 , 0.0
1458826450.12 , 0.0141110685137 , 0.0179998874664 , 0.0130000114441
1458826450.37 , 0.0186551439351 , 0.0479998588562 , 0.0150001049042
1458826450.62 , 0.0141110685137 , 0.0179998874664 , 0.0130000114441
1458826450.87 , 0.0171666542689 , 0.0260000228882 , 0.0150001049042
1458826451.12 , 0.0141110685137 , 0.0179998874664 , 0.0130000114441
1458826451.37 , 0.0138965146295 , 0.0360000133514 , 0.00100016593933
1458826451.62 , 0.0141110685137 , 0.0179998874664 , 0.0130000114441
1458826451.87 , 0.00983334382375 , 0.0130000114441 , 0.00800013542175
1458826452.12 , 0.0141110685137 , 0.0179998874664 , 0.0130000114441
1458826452.37 , 0.010193532513 , 0.0139999389648 , 0.0090000629425
1458826452.62 , 0.0141110685137 , 0.0179998874664 , 0.0130000114441
1458826452.87 , 0.0119666258494 , 0.0269999504089 , 0.0090000629425
1458826453.12 , 0.0141110685137 , 0.0179998874664 , 0.0130000114441
1458826453.37 , 0.00999999046326 , 0.0130000114441 , 0.00699996948242
1458826453.62 , 0.0141110685137 , 0.0179998874664 , 0.0130000114441
1458826453.87 , 0.0104999939601 , 0.0169999599457 , 0.0090000629425
1458826454.12 , 0.0141110685137 , 0.0179998874664 , 0.0130000114441
1458826454.37 , 0.00983332792918 , 0.0119998455048 , 0.00600004196167
1458826454.62 , 0.0141110685137 , 0.0179998874664 , 0.0130000114441
1458826454.87 , 0.0102257882395 , 0.0130000114441 , 0.0090000629425
1458826455.12 , 0.0141110685137 , 0.0179998874664 , 0.0130000114441
1458826455.37 , 0.0132332960765 , 0.0239999294281 , 0.0090000629425
1458826455.62 , 0.0141110685137 , 0.0179998874664 , 0.0130000114441
1458826455.87 , 0.0129333416621 , 0.0149998664856 , 0.0090000629425
1458826456.12 , 0.0141110685137 , 0.0179998874664 , 0.0130000114441
1458826456.37 , 0.0119032321438 , 0.029000043869 , 0.00100016593933
1458826456.62 , 0.0141110685137 , 0.0179998874664 , 0.0130000114441
1458826456.87 , 0.0047666311264 , 0.0199999809265 , 0.00300002098083
1458826457.12 , 0.0141110685137 , 0.0179998874664 , 0.0130000114441
1458826457.37 , 0.00519998073578 , 0.0339999198914 , 0.00200009346008
1458826457.62 , 0.0141110685137 , 0.0179998874664 , 0.0130000114441
1458826457.87 , 0.00520688089831 , 0.021999835968 , 0.00200009346008
1458826458.12 , 0.0141110685137 , 0.0179998874664 , 0.0130000114441
1458826458.37 , 0.0102142521313 , 0.0199999809265 , 0.000999927520752
1458826458.62 , 0.0141110685137 , 0.0179998874664 , 0.0130000114441
1458826458.87 , 0.00659992694855 , 0.021999835968 , 0.00300002098083
1458826459.12 , 0.0141110685137 , 0.0179998874664 , 0.0130000114441
1458826459.37 , 0.00674191597969 , 0.0149998664856 , 0.00300002098083
1458826459.62 , 0.0141110685137 , 0.0179998874664 , 0.0130000114441
1458826459.87 , 0.0124482615241 , 0.0360000133514 , 0.00300002098083
1458826460.12 , 0.0141110685137 , 0.0179998874664 , 0.0130000114441
1458826460.37 , 0.0170333147049 , 0.021999835968 , 0.0130000114441
1458826460.62 , 0.0141110685137 , 0.0179998874664 , 0.0130000114441
1458826460.87 , 0.0167741852422 , 0.0199999809265 , 0.0150001049042
1458826461.12 , 0.0141110685137 , 0.0179998874664 , 0.0130000114441
1458826461.37 , 0.0174666325251 , 0.0230000019073 , 0.0160000324249
1458826461.62 , 0.0141110685137 , 0.0179998874664 , 0.0130000114441
1458826461.87 , 0.0126896315608 , 0.0230000019073 , 0.000999927520752
1458826462.12 , 0.0141110685137 , 0.0179998874664 , 0.0130000114441
1458826462.37 , 0.0112999359767 , 0.021999835968 , 0.00200009346008
1458826462.62 , 0.0141110685137 , 0.0179998874664 , 0.0130000114441
1458826462.87 , 0.00723330974579 , 0.010999917984 , 0.00600004196167
1458826463.12 , 0.0141110685137 , 0.0179998874664 , 0.0130000114441
1458826463.37 , 0.00706451169906 , 0.010999917984 , 0.00500011444092
1458826463.62 , 0.0141110685137 , 0.0179998874664 , 0.0130000114441
1458826463.87 , 0.00736664136251 , 0.0149998664856 , 0.00600004196167
1458826464.12 , 0.0141110685137 , 0.0179998874664 , 0.0130000114441
1458826464.37 , 0.00799994314871 , 0.0209999084473 , 0.00300002098083
1458826464.63 , 0.0141110685137 , 0.0179998874664 , 0.0130000114441
1458826464.87 , 0.00676658948263 , 0.021999835968 , 0.00300002098083
1458826465.12 , 0.0141110685137 , 0.0179998874664 , 0.0130000114441
1458826465.37 , 0.0102499382836 , 0.0349998474121 , 0.00300002098083
1458826465.62 , 0.0141110685137 , 0.0179998874664 , 0.0130000114441
1458826465.87 , 0.0165806124287 , 0.0209999084473 , 0.0019998550415
1458826466.13 , 0.0141110685137 , 0.0179998874664 , 0.0130000114441
1458826466.37 , 0.0178666512171 , 0.0379998683929 , 0.0140001773834
1458826466.63 , 0.0141110685137 , 0.0179998874664 , 0.0130000114441
1458826466.87 , 0.0176999171575 , 0.0289998054504 , 0.00500011444092
1458826467.13 , 0.0141110685137 , 0.0179998874664 , 0.0130000114441
1458826467.37 , 0.00858058467988 , 0.0269999504089 , 0.00300002098083
1458826467.63 , 0.0141110685137 , 0.0179998874664 , 0.0130000114441
1458826467.87 , 0.0148928676333 , 0.0269999504089 , 0.0
1458826468.13 , 0.0141110685137 , 0.0179998874664 , 0.0130000114441
1458826468.37 , 0.0101034230199 , 0.0339999198914 , 0.000999927520752
1458826468.63 , 0.0141110685137 , 0.0179998874664 , 0.0130000114441
1458826468.87 , 0.0144999980927 , 0.029000043869 , 0.0120000839233
1458826469.13 , 0.0141110685137 , 0.0179998874664 , 0.0130000114441
1458826469.37 , 0.0158333301544 , 0.0230000019073 , 0.00999999046326
1458826469.63 , 0.0141110685137 , 0.0179998874664 , 0.0130000114441
1458826469.88 , 0.0100645096071 , 0.0130000114441 , 0.00800013542175
1458826470.13 , 0.0141110685137 , 0.0179998874664 , 0.0130000114441
1458826470.37 , 0.0137241133328 , 0.0309998989105 , 0.00699996948242
1458826470.63 , 0.0141110685137 , 0.0179998874664 , 0.0130000114441
1458826470.87 , 0.0122580989715 , 0.0269999504089 , 0.00800013542175
1458826471.13 , 0.0141110685137 , 0.0179998874664 , 0.0130000114441
1458826471.37 , 0.0162666400274 , 0.0230000019073 , 0.0130000114441
1458826471.63 , 0.0141110685137 , 0.0179998874664 , 0.0130000114441
1458826471.87 , 0.0181723545338 , 0.0320000648499 , 0.00300002098083
1458826472.13 , 0.0141110685137 , 0.0179998874664 , 0.0130000114441
1458826472.37 , 0.0116666396459 , 0.0269999504089 , 0.00399994850159
1458826472.63 , 0.0141110685137 , 0.0179998874664 , 0.0130000114441
1458826472.87 , 0.0142666260401 , 0.029000043869 , 0.0090000629425
1458826473.13 , 0.0141110685137 , 0.0179998874664 , 0.0130000114441
1458826473.37 , 0.0170666615168 , 0.0239999294281 , 0.0150001049042
1458826473.63 , 0.0141110685137 , 0.0179998874664 , 0.0130000114441
1458826473.87 , 0.0144838825349 , 0.0209999084473 , 0.0100002288818
1458826474.13 , 0.0141110685137 , 0.0179998874664 , 0.0130000114441
1458826474.37 , 0.0113666296005 , 0.0190000534058 , 0.0090000629425
1458826474.63 , 0.0141110685137 , 0.0179998874664 , 0.0130000114441
1458826474.87 , 0.0117666403453 , 0.0160000324249 , 0.0090000629425
1458826475.13 , 0.0141110685137 , 0.0179998874664 , 0.0130000114441
1458826475.37 , 0.00951611611151 , 0.0299999713898 , 0.00200009346008
1458826475.63 , 0.0141110685137 , 0.0179998874664 , 0.0130000114441
1458826475.87 , 0.00903571503503 , 0.0169999599457 , 0.000999927520752
1458826476.13 , 0.0141110685137 , 0.0179998874664 , 0.0130000114441
1458826476.37 , 0.0166129066098 , 0.0299999713898 , 0.0130000114441
1458826476.63 , 0.0141110685137 , 0.0179998874664 , 0.0130000114441
1458826476.88 , 0.010033305486 , 0.021999835968 , 0.00200009346008
1458826477.13 , 0.0141110685137 , 0.0179998874664 , 0.0130000114441
1458826477.37 , 0.0103333075841 , 0.0239999294281 , 0.00200009346008
1458826477.63 , 0.0141110685137 , 0.0179998874664 , 0.0130000114441
1458826477.87 , 0.0145161074977 , 0.0299999713898 , 0.00799989700317
1458826478.13 , 0.0141110685137 , 0.0179998874664 , 0.0130000114441
1458826478.38 , 0.0158275406936 , 0.0319998264313 , 0.000999927520752
1458826478.63 , 0.0141110685137 , 0.0179998874664 , 0.0130000114441
1458826478.87 , 0.0143999497096 , 0.0209999084473 , 0.0
1458826479.13 , 0.0141110685137 , 0.0179998874664 , 0.0130000114441
1458826479.37 , 0.0161000013351 , 0.0320000648499 , 0.0120000839233
1458826479.63 , 0.0141110685137 , 0.0179998874664 , 0.0130000114441
1458826479.88 , 0.00893100376787 , 0.0230000019073 , 0.000999927520752
1458826480.13 , 0.0141110685137 , 0.0179998874664 , 0.0130000114441
1458826480.37 , 0.0119332869848 , 0.0209999084473 , 0.00699996948242
1458826480.63 , 0.0141110685137 , 0.0179998874664 , 0.0130000114441
1458826480.87 , 0.0133548628899 , 0.0239999294281 , 0.0110001564026
1458826481.13 , 0.0141110685137 , 0.0179998874664 , 0.0130000114441
1458826481.38 , 0.012366660436 , 0.0159997940063 , 0.00800013542175
1458826481.63 , 0.0141110685137 , 0.0179998874664 , 0.0130000114441
1458826481.87 , 0.0137999216715 , 0.0339999198914 , 0.00399994850159
1458826482.13 , 0.0141110685137 , 0.0179998874664 , 0.0130000114441
1458826482.38 , 0.00867740569576 , 0.0230000019073 , 0.00500011444092
1458826482.63 , 0.0141110685137 , 0.0179998874664 , 0.0130000114441
1458826482.88 , 0.0120344819694 , 0.0409998893738 , 0.00800013542175
1458826483.13 , 0.0141110685137 , 0.0179998874664 , 0.0130000114441
1458826483.37 , 0.0111666599909 , 0.021999835968 , 0.00800013542175
1458826483.63 , 0.0141110685137 , 0.0179998874664 , 0.0130000114441
1458826483.87 , 0.00920690339187 , 0.0380001068115 , 0.00100016593933
1458826484.13 , 0.0141110685137 , 0.0179998874664 , 0.0130000114441
1458826484.37 , 0.0103666623433 , 0.0269999504089 , 0.00500011444092
1458826484.63 , 0.0141110685137 , 0.0179998874664 , 0.0130000114441
1458826484.87 , 0.0141290080163 , 0.0310001373291 , 0.0130000114441
1458826485.13 , 0.0141110685137 , 0.0179998874664 , 0.0130000114441
1458826485.37 , 0.0162068975383 , 0.0309998989105 , 0.000999927520752
1458826485.63 , 0.0141110685137 , 0.0179998874664 , 0.0130000114441
1458826485.87 , 0.0168333133062 , 0.0209999084473 , 0.0160000324249
1458826486.13 , 0.0141110685137 , 0.0179998874664 , 0.0130000114441
1458826486.38 , 0.0159333229065 , 0.0199999809265 , 0.00300002098083
1458826486.63 , 0.0141110685137 , 0.0179998874664 , 0.0130000114441
1458826486.88 , 0.0165666659673 , 0.0199999809265 , 0.0150001049042
1458826487.13 , 0.0141110685137 , 0.0179998874664 , 0.0130000114441
1458826487.38 , 0.00819353903494 , 0.0220000743866 , 0.00200009346008
1458826487.63 , 0.0141110685137 , 0.0179998874664 , 0.0130000114441
1458826487.88 , 0.01179309549 , 0.0259997844696 , 0.00399994850159
1458826488.13 , 0.0141110685137 , 0.0179998874664 , 0.0130000114441
1458826488.38 , 0.00806447767442 , 0.0190000534058 , 0.00600004196167
1458826488.63 , 0.0141110685137 , 0.0179998874664 , 0.0130000114441
1458826488.88 , 0.00746664206187 , 0.0149998664856 , 0.00600004196167
1458826489.13 , 0.0141110685137 , 0.0179998874664 , 0.0130000114441
1458826489.38 , 0.0114332914352 , 0.0239999294281 , 0.00799989700317
1458826489.63 , 0.0141110685137 , 0.0179998874664 , 0.0130000114441
1458826489.88 , 0.0115665992101 , 0.021999835968 , 0.0090000629425
1458826490.13 , 0.0141110685137 , 0.0179998874664 , 0.0130000114441
1458826490.38 , 0.00864516535113 , 0.0249998569489 , 0.00400018692017
1458826490.63 , 0.0141110685137 , 0.0179998874664 , 0.0130000114441
1458826490.88 , 0.00670966794414 , 0.00899982452393 , 0.00400018692017
1458826491.13 , 0.0141110685137 , 0.0179998874664 , 0.0130000114441
1458826491.38 , 0.0104666471481 , 0.0149998664856 , 0.00800013542175
1458826491.63 , 0.0141110685137 , 0.0179998874664 , 0.0130000114441
1458826491.88 , 0.0158666610718 , 0.021999835968 , 0.00999999046326
1458826492.13 , 0.0141110685137 , 0.0179998874664 , 0.0130000114441
1458826492.38 , 0.0161379041343 , 0.0329999923706 , 0.0
1458826492.63 , 0.0141110685137 , 0.0179998874664 , 0.0130000114441
1458826492.88 , 0.00533332824707 , 0.0329999923706 , 0.00200009346008
1458826493.13 , 0.0141110685137 , 0.0179998874664 , 0.0130000114441
1458826493.38 , 0.00451610165258 , 0.0199999809265 , 0.00300002098083
1458826493.63 , 0.0141110685137 , 0.0179998874664 , 0.0130000114441
1458826493.88 , 0.00433332125346 , 0.0199999809265 , 0.00200009346008
1458826494.13 , 0.0141110685137 , 0.0179998874664 , 0.0130000114441
1458826494.38 , 0.00806666215261 , 0.0190000534058 , 0.00300002098083
1458826494.63 , 0.0141110685137 , 0.0179998874664 , 0.0130000114441
1458826494.88 , 0.0170645098532 , 0.0230000019073 , 0.0150001049042
1458826495.13 , 0.0141110685137 , 0.0179998874664 , 0.0130000114441
1458826495.38 , 0.0118666648865 , 0.039999961853 , 0.00300002098083
1458826495.63 , 0.0141110685137 , 0.0179998874664 , 0.0130000114441
1458826495.88 , 0.00957145009722 , 0.0300002098083 , 0.00300002098083
1458826496.13 , 0.0141110685137 , 0.0179998874664 , 0.0130000114441
1458826496.38 , 0.0111851780503 , 0.0510001182556 , 0.00200009346008
1458826496.63 , 0.0141110685137 , 0.0179998874664 , 0.0130000114441
1458826497.06 , 0.0278889073266 , 0.0969998836517 , 0.00300002098083
1458826497.13 , 0.0141110685137 , 0.0179998874664 , 0.0130000114441
1458826497.47 , 0.0428636182438 , 0.380000114441 , 0.000999927520752
1458826497.63 , 0.0141110685137 , 0.0179998874664 , 0.0130000114441
1458826497.97 , 0.0109655363806 , 0.018000125885 , 0.00300002098083
1458826498.13 , 0.0141110685137 , 0.0179998874664 , 0.0130000114441
1458826498.47 , 0.014387061519 , 0.0190000534058 , 0.0120000839233
1458826498.63 , 0.0141110685137 , 0.0179998874664 , 0.0130000114441
1458826498.97 , 0.0122068503807 , 0.0319998264313 , 0.000999927520752
1458826499.13 , 0.0141110685137 , 0.0179998874664 , 0.0130000114441
1458826499.47 , 0.00941378494789 , 0.0339999198914 , 0.00300002098083
1458826499.63 , 0.0141110685137 , 0.0179998874664 , 0.0130000114441
1458826499.97 , 0.0100000063578 , 0.0139999389648 , 0.00800013542175
1458826500.13 , 0.0141110685137 , 0.0179998874664 , 0.0130000114441
1458826500.47 , 0.0152257950075 , 0.0310001373291 , 0.0090000629425
1458826500.63 , 0.0141110685137 , 0.0179998874664 , 0.0130000114441
1458826500.97 , 0.0158333222071 , 0.0239999294281 , 0.0
1458826501.13 , 0.0141110685137 , 0.0179998874664 , 0.0130000114441
1458826501.47 , 0.0168666521708 , 0.0199999809265 , 0.0150001049042
1458826501.63 , 0.0141110685137 , 0.0179998874664 , 0.0130000114441
1458826501.97 , 0.0151290201372 , 0.0209999084473 , 0.00200009346008
1458826502.13 , 0.0141110685137 , 0.0179998874664 , 0.0130000114441
1458826502.47 , 0.00406665007273 , 0.0199999809265 , 0.00200009346008
1458826502.64 , 0.0141110685137 , 0.0179998874664 , 0.0130000114441
1458826502.97 , 0.00373334089915 , 0.018000125885 , 0.00200009346008
1458826503.13 , 0.0141110685137 , 0.0179998874664 , 0.0130000114441
1458826503.47 , 0.0101538438063 , 0.0339999198914 , 0.000999927520752
1458826503.63 , 0.0141110685137 , 0.0179998874664 , 0.0130000114441
1458826503.97 , 0.0166206688716 , 0.0329999923706 , 0.0
1458826504.13 , 0.0141110685137 , 0.0179998874664 , 0.0130000114441
1458826504.47 , 0.0166666507721 , 0.0189998149872 , 0.0160000324249
1458826504.64 , 0.0141110685137 , 0.0179998874664 , 0.0130000114441
1458826504.97 , 0.0167741775513 , 0.021999835968 , 0.0140001773834
1458826505.14 , 0.0141110685137 , 0.0179998874664 , 0.0130000114441
1458826505.47 , 0.0164999961853 , 0.0179998874664 , 0.0150001049042
1458826505.63 , 0.0141110685137 , 0.0179998874664 , 0.0130000114441
1458826505.97 , 0.0162999947866 , 0.0199999809265 , 0.00499987602234
1458826506.13 , 0.0141110685137 , 0.0179998874664 , 0.0130000114441
1458826506.47 , 0.0158666451772 , 0.0329999923706 , 0.00300002098083
1458826506.63 , 0.0141110685137 , 0.0179998874664 , 0.0130000114441
1458826506.97 , 0.0113793159353 , 0.0339999198914 , 0.00100016593933
1458826507.14 , 0.0141110685137 , 0.0179998874664 , 0.0130000114441
1458826507.47 , 0.00533332824707 , 0.0199999809265 , 0.00300002098083
1458826507.63 , 0.0141110685137 , 0.0179998874664 , 0.0130000114441
1458826507.97 , 0.0066999912262 , 0.0090000629425 , 0.00499987602234
1458826508.13 , 0.0141110685137 , 0.0179998874664 , 0.0130000114441
1458826508.47 , 0.00903329849243 , 0.039999961853 , 0.00500011444092
1458826508.63 , 0.0141110685137 , 0.0179998874664 , 0.0130000114441
1458826508.97 , 0.00982142346246 , 0.0390000343323 , 0.00600004196167
1458826509.13 , 0.0141110685137 , 0.0179998874664 , 0.0130000114441
1458826509.47 , 0.0104666471481 , 0.0379998683929 , 0.00499987602234
1458826509.63 , 0.0141110685137 , 0.0179998874664 , 0.0130000114441
1458826509.97 , 0.0135666449865 , 0.0169999599457 , 0.0120000839233
1458826510.13 , 0.0141110685137 , 0.0179998874664 , 0.0130000114441
1458826510.47 , 0.0140333096186 , 0.0189998149872 , 0.0120000839233
1458826510.63 , 0.0141110685137 , 0.0179998874664 , 0.0130000114441
1458826510.97 , 0.0168999830882 , 0.0199999809265 , 0.0150001049042
1458826511.14 , 0.0141110685137 , 0.0179998874664 , 0.0130000114441
1458826511.47 , 0.0164482593536 , 0.0319998264313 , 0.0
1458826511.63 , 0.0141110685137 , 0.0179998874664 , 0.0130000114441
1458826511.97 , 0.0172666390737 , 0.021999835968 , 0.0160000324249
1458826512.14 , 0.0141110685137 , 0.0179998874664 , 0.0130000114441
1458826512.48 , 0.0168999989827 , 0.0309998989105 , 0.0
1458826512.64 , 0.0141110685137 , 0.0179998874664 , 0.0130000114441
1458826512.98 , 0.00709999402364 , 0.0339999198914 , 0.00200009346008
1458826513.14 , 0.0141110685137 , 0.0179998874664 , 0.0130000114441
1458826513.48 , 0.00719355767773 , 0.0120000839233 , 0.00300002098083
1458826513.64 , 0.0141110685137 , 0.0179998874664 , 0.0130000114441
1458826513.98 , 0.00568964563567 , 0.021999835968 , 0.00200009346008
1458826514.14 , 0.0141110685137 , 0.0179998874664 , 0.0130000114441
1458826514.48 , 0.0160333315531 , 0.0309998989105 , 0.0
1458826514.64 , 0.0141110685137 , 0.0179998874664 , 0.0130000114441
1458826514.98 , 0.0135483895579 , 0.0189998149872 , 0.0120000839233
1458826515.14 , 0.0141110685137 , 0.0179998874664 , 0.0130000114441
1458826515.48 , 0.0137333234151 , 0.021999835968 , 0.0120000839233
1458826515.64 , 0.0141110685137 , 0.0179998874664 , 0.0130000114441
1458826515.98 , 0.0159999926885 , 0.029000043869 , 0.0100002288818
1458826516.14 , 0.0141110685137 , 0.0179998874664 , 0.0130000114441
1458826516.48 , 0.0130645152061 , 0.021999835968 , 0.0090000629425
1458826516.64 , 0.0141110685137 , 0.0179998874664 , 0.0130000114441
1458826516.98 , 0.0106999874115 , 0.0249998569489 , 0.00699996948242
1458826517.14 , 0.0141110685137 , 0.0179998874664 , 0.0130000114441
1458826517.48 , 0.0126774080338 , 0.0169999599457 , 0.0090000629425
1458826517.64 , 0.0141110685137 , 0.0179998874664 , 0.0130000114441
1458826517.98 , 0.0156551805036 , 0.0269999504089 , 0.0
1458826518.14 , 0.0141110685137 , 0.0179998874664 , 0.0130000114441
1458826518.48 , 0.0138387141689 , 0.029000043869 , 0.0110001564026
1458826518.64 , 0.0141110685137 , 0.0179998874664 , 0.0130000114441
1458826518.98 , 0.00766665140788 , 0.0139999389648 , 0.00500011444092
1458826519.14 , 0.0141110685137 , 0.0179998874664 , 0.0130000114441
1458826519.48 , 0.00853335857391 , 0.0239999294281 , 0.00400018692017
1458826519.64 , 0.0141110685137 , 0.0179998874664 , 0.0130000114441
1458826519.98 , 0.0138666550318 , 0.0230000019073 , 0.0090000629425
1458826520.14 , 0.0141110685137 , 0.0179998874664 , 0.0130000114441
1458826520.48 , 0.0135999679565 , 0.0269999504089 , 0.00800013542175
1458826520.64 , 0.0141110685137 , 0.0179998874664 , 0.0130000114441
1458826520.98 , 0.0152580814977 , 0.029000043869 , 0.0120000839233
1458826521.14 , 0.0141110685137 , 0.0179998874664 , 0.0130000114441
1458826521.48 , 0.0160999933879 , 0.0199999809265 , 0.0
1458826521.64 , 0.0141110685137 , 0.0179998874664 , 0.0130000114441
1458826521.99 , 0.0143333117167 , 0.0189998149872 , 0.0120000839233
1458826522.14 , 0.0141110685137 , 0.0179998874664 , 0.0130000114441
1458826522.48 , 0.013548374176 , 0.029000043869 , 0.00999999046326
1458826522.64 , 0.0141110685137 , 0.0179998874664 , 0.0130000114441
1458826522.98 , 0.016633327802 , 0.0199999809265 , 0.0160000324249
1458826523.14 , 0.0141110685137 , 0.0179998874664 , 0.0130000114441
1458826523.48 , 0.0165333112081 , 0.0319998264313 , 0.0
1458826523.64 , 0.0141110685137 , 0.0179998874664 , 0.0130000114441
1458826523.98 , 0.0120666742325 , 0.0190000534058 , 0.00200009346008
1458826524.14 , 0.0141110685137 , 0.0179998874664 , 0.0130000114441
1458826524.48 , 0.00593099922969 , 0.0179998874664 , 0.00200009346008
1458826524.64 , 0.0141110685137 , 0.0179998874664 , 0.0130000114441
1458826524.99 , 0.00874189407595 , 0.0239999294281 , 0.00399994850159
1458826525.14 , 0.0141110685137 , 0.0179998874664 , 0.0130000114441
1458826525.49 , 0.0102333227793 , 0.0149998664856 , 0.0090000629425
1458826525.65 , 0.0141110685137 , 0.0179998874664 , 0.0130000114441
1458826525.99 , 0.00645159136864 , 0.0190000534058 , 0.00300002098083
1458826526.14 , 0.0141110685137 , 0.0179998874664 , 0.0130000114441
1458826526.49 , 0.00803447591847 , 0.0339999198914 , 0.00200009346008
1458826526.64 , 0.0141110685137 , 0.0179998874664 , 0.0130000114441
1458826526.99 , 0.00586665471395 , 0.0199999809265 , 0.00300002098083
1458826527.14 , 0.0141110685137 , 0.0179998874664 , 0.0130000114441
1458826527.48 , 0.00899999482291 , 0.0379998683929 , 0.00200009346008
1458826527.64 , 0.0141110685137 , 0.0179998874664 , 0.0130000114441
1458826527.98 , 0.0143448073288 , 0.0309998989105 , 0.0
1458826528.14 , 0.0141110685137 , 0.0179998874664 , 0.0130000114441
1458826528.49 , 0.0162333170573 , 0.0199999809265 , 0.000999927520752
1458826528.64 , 0.0141110685137 , 0.0179998874664 , 0.0130000114441
1458826528.98 , 0.0134000142415 , 0.0230000019073 , 0.00699996948242
1458826529.14 , 0.0141110685137 , 0.0179998874664 , 0.0130000114441
1458826529.48 , 0.0123225412061 , 0.0230000019073 , 0.0090000629425
1458826529.64 , 0.0141110685137 , 0.0179998874664 , 0.0130000114441
1458826529.99 , 0.0109333356222 , 0.0260000228882 , 0.00800013542175
1458826530.14 , 0.0141110685137 , 0.0179998874664 , 0.0130000114441
1458826530.49 , 0.0104999712535 , 0.0369999408722 , 0.00200009346008
1458826530.64 , 0.0141110685137 , 0.0179998874664 , 0.0130000114441
1458826530.98 , 0.00696773682871 , 0.0139999389648 , 0.00600004196167
1458826531.14 , 0.0141110685137 , 0.0179998874664 , 0.0130000114441
1458826531.48 , 0.007266664505 , 0.0320000648499 , 0.00300002098083
1458826531.64 , 0.0141110685137 , 0.0179998874664 , 0.0130000114441
1458826531.99 , 0.00643332799276 , 0.0269999504089 , 0.00200009346008
1458826532.14 , 0.0141110685137 , 0.0179998874664 , 0.0130000114441
1458826532.49 , 0.0116296344333 , 0.039999961853 , 0.00399994850159
1458826532.64 , 0.0141110685137 , 0.0179998874664 , 0.0130000114441
1458826532.99 , 0.00931036883387 , 0.0379998683929 , 0.00399994850159
1458826533.15 , 0.0141110685137 , 0.0179998874664 , 0.0130000114441
1458826533.49 , 0.0121333281199 , 0.021999835968 , 0.007000207901
1458826533.65 , 0.0141110685137 , 0.0179998874664 , 0.0130000114441
1458826533.99 , 0.0150714090892 , 0.0339999198914 , 0.000999927520752
1458826534.15 , 0.0141110685137 , 0.0179998874664 , 0.0130000114441
1458826534.49 , 0.00953328609467 , 0.0360000133514 , 0.00300002098083
1458826534.65 , 0.0141110685137 , 0.0179998874664 , 0.0130000114441
1458826534.99 , 0.00813326835632 , 0.0149998664856 , 0.00600004196167
1458826535.15 , 0.0141110685137 , 0.0179998874664 , 0.0130000114441
1458826535.49 , 0.0107333580653 , 0.0449998378754 , 0.00400018692017
1458826535.65 , 0.0141110685137 , 0.0179998874664 , 0.0130000114441
1458826535.99 , 0.0107333978017 , 0.029000043869 , 0.00500011444092
1458826536.15 , 0.0141110685137 , 0.0179998874664 , 0.0130000114441
1458826536.49 , 0.00683869854096 , 0.010999917984 , 0.00600004196167
1458826536.65 , 0.0141110685137 , 0.0179998874664 , 0.0130000114441
1458826536.99 , 0.00656666755676 , 0.00899982452393 , 0.00500011444092
1458826537.15 , 0.0141110685137 , 0.0179998874664 , 0.0130000114441
1458826537.49 , 0.00773332913717 , 0.0369999408722 , 0.00500011444092
1458826537.65 , 0.0141110685137 , 0.0179998874664 , 0.0130000114441
1458826537.99 , 0.00993334452311 , 0.0160000324249 , 0.00800013542175
1458826538.15 , 0.0141110685137 , 0.0179998874664 , 0.0130000114441
1458826538.49 , 0.00946664810181 , 0.0119998455048 , 0.00300002098083
1458826538.65 , 0.0141110685137 , 0.0179998874664 , 0.0130000114441
1458826538.99 , 0.0107406951763 , 0.0469999313354 , 0.000999927520752
1458826539.15 , 0.0141110685137 , 0.0179998874664 , 0.0130000114441
1458826539.49 , 0.00686668554942 , 0.0230000019073 , 0.00300002098083
1458826539.65 , 0.0141110685137 , 0.0179998874664 , 0.0130000114441
1458826539.99 , 0.00936669508616 , 0.0260000228882 , 0.00300002098083
1458826540.15 , 0.0141110685137 , 0.0179998874664 , 0.0130000114441
1458826540.49 , 0.0084285565785 , 0.0360000133514 , 0.0
1458826540.65 , 0.0141110685137 , 0.0179998874664 , 0.0130000114441
1458826540.99 , 0.0112333138784 , 0.0299999713898 , 0.00300002098083
1458826541.15 , 0.0141110685137 , 0.0179998874664 , 0.0130000114441
1458826541.49 , 0.0120666742325 , 0.0299999713898 , 0.0090000629425
1458826541.65 , 0.0141110685137 , 0.0179998874664 , 0.0130000114441
1458826542.0 , 0.0151999791463 , 0.0209999084473 , 0.000999927520752
1458826542.15 , 0.0141110685137 , 0.0179998874664 , 0.0130000114441
1458826542.49 , 0.0135666847229 , 0.029000043869 , 0.00800013542175
1458826542.65 , 0.0141110685137 , 0.0179998874664 , 0.0130000114441
1458826542.99 , 0.0105161359233 , 0.0280001163483 , 0.00799989700317
1458826543.15 , 0.0141110685137 , 0.0179998874664 , 0.0130000114441
1458826543.49 , 0.013392831598 , 0.0339999198914 , 0.0
1458826543.65 , 0.0141110685137 , 0.0179998874664 , 0.0130000114441
1458826543.99 , 0.0133548244353 , 0.0149998664856 , 0.0120000839233
1458826544.15 , 0.0141110685137 , 0.0179998874664 , 0.0130000114441
1458826544.49 , 0.0136333147685 , 0.0189998149872 , 0.0120000839233
1458826544.65 , 0.0141110685137 , 0.0179998874664 , 0.0130000114441
1458826545.0 , 0.0132333358129 , 0.0179998874664 , 0.0120000839233
1458826545.16 , 0.0141110685137 , 0.0179998874664 , 0.0130000114441
1458826545.49 , 0.0140644965633 , 0.0209999084473 , 0.0120000839233
1458826545.65 , 0.0141110685137 , 0.0179998874664 , 0.0130000114441
1458826545.99 , 0.0163103218736 , 0.0299999713898 , 0.0
1458826546.15 , 0.0141110685137 , 0.0179998874664 , 0.0130000114441
1458826546.49 , 0.00903329054515 , 0.0299999713898 , 0.00500011444092
1458826546.65 , 0.0141110685137 , 0.0179998874664 , 0.0130000114441
1458826546.99 , 0.0114137879733 , 0.0379998683929 , 0.00200009346008
1458826547.15 , 0.0141110685137 , 0.0179998874664 , 0.0130000114441
1458826547.49 , 0.0111785531044 , 0.0369999408722 , 0.00499987602234
1458826547.66 , 0.0141110685137 , 0.0179998874664 , 0.0130000114441
1458826547.99 , 0.00979997316996 , 0.0159997940063 , 0.00600004196167
1458826548.15 , 0.0141110685137 , 0.0179998874664 , 0.0130000114441
1458826548.49 , 0.0066666841507 , 0.0220000743866 , 0.00200009346008
1458826548.66 , 0.0141110685137 , 0.0179998874664 , 0.0130000114441
1458826548.99 , 0.00836664835612 , 0.0230000019073 , 0.00400018692017
1458826549.15 , 0.0141110685137 , 0.0179998874664 , 0.0130000114441
1458826549.49 , 0.0165517247956 , 0.0549998283386 , 0.0090000629425
1458826549.66 , 0.0141110685137 , 0.0179998874664 , 0.0130000114441
1458826549.99 , 0.0182068347931 , 0.0379998683929 , 0.000999927520752
1458826550.15 , 0.0141110685137 , 0.0179998874664 , 0.0130000114441
1458826550.49 , 0.013838706478 , 0.0209999084473 , 0.0110001564026
1458826550.66 , 0.0141110685137 , 0.0179998874664 , 0.0130000114441
1458826550.99 , 0.0121666828791 , 0.0210001468658 , 0.00400018692017
1458826551.16 , 0.0141110685137 , 0.0179998874664 , 0.0130000114441
1458826551.49 , 0.00806450843811 , 0.0230000019073 , 0.00600004196167
1458826551.66 , 0.0141110685137 , 0.0179998874664 , 0.0130000114441
1458826551.99 , 0.010066652298 , 0.0119998455048 , 0.0090000629425
1458826552.16 , 0.0141110685137 , 0.0179998874664 , 0.0130000114441
1458826552.49 , 0.0101935478949 , 0.0130000114441 , 0.0090000629425
1458826552.66 , 0.0141110685137 , 0.0179998874664 , 0.0130000114441
1458826552.99 , 0.0099666595459 , 0.0119998455048 , 0.0090000629425
1458826553.16 , 0.0141110685137 , 0.0179998874664 , 0.0130000114441
1458826553.5 , 0.0123000065486 , 0.0230000019073 , 0.00600004196167
1458826553.66 , 0.0141110685137 , 0.0179998874664 , 0.0130000114441
1458826554.0 , 0.0124333620071 , 0.0319998264313 , 0.00200009346008
1458826554.16 , 0.0141110685137 , 0.0179998874664 , 0.0130000114441
1458826554.5 , 0.0156206591376 , 0.0319998264313 , 0.0
1458826554.66 , 0.0141110685137 , 0.0179998874664 , 0.0130000114441
1458826555.0 , 0.0169666528702 , 0.0259997844696 , 0.0150001049042
1458826555.16 , 0.0141110685137 , 0.0179998874664 , 0.0130000114441
1458826555.5 , 0.016310330095 , 0.0199999809265 , 0.000999927520752
1458826555.66 , 0.0141110685137 , 0.0179998874664 , 0.0130000114441
1458826556.0 , 0.00917853627886 , 0.0319998264313 , 0.000999927520752
1458826556.16 , 0.0141110685137 , 0.0179998874664 , 0.0130000114441
1458826556.5 , 0.00803223732979 , 0.0190000534058 , 0.00500011444092
1458826556.66 , 0.0141110685137 , 0.0179998874664 , 0.0130000114441
1458826556.99 , 0.00890001455943 , 0.0230000019073 , 0.00600004196167
1458826557.16 , 0.0141110685137 , 0.0179998874664 , 0.0130000114441
1458826557.5 , 0.0103000084559 , 0.0179998874664 , 0.00800013542175
1458826557.66 , 0.0141110685137 , 0.0179998874664 , 0.0130000114441
1458826558.0 , 0.010193540204 , 0.0139999389648 , 0.00800013542175
1458826558.16 , 0.0141110685137 , 0.0179998874664 , 0.0130000114441
1458826558.5 , 0.0100999991099 , 0.0130000114441 , 0.0090000629425
1458826558.66 , 0.0141110685137 , 0.0179998874664 , 0.0130000114441
1458826559.0 , 0.0108333269755 , 0.0199999809265 , 0.00800013542175
1458826559.16 , 0.0141110685137 , 0.0179998874664 , 0.0130000114441
1458826559.5 , 0.0100645172981 , 0.0130000114441 , 0.0090000629425
1458826559.66 , 0.0141110685137 , 0.0179998874664 , 0.0130000114441
1458826560.0 , 0.0114642296519 , 0.055999994278 , 0.00300002098083
1458826560.16 , 0.0141110685137 , 0.0179998874664 , 0.0130000114441
1458826560.5 , 0.00846666495005 , 0.0139999389648 , 0.00400018692017
1458826560.66 , 0.0141110685137 , 0.0179998874664 , 0.0130000114441
1458826561.0 , 0.0103666385015 , 0.0139999389648 , 0.00800013542175
1458826561.16 , 0.0141110685137 , 0.0179998874664 , 0.0130000114441
1458826561.5 , 0.0153666734695 , 0.0349998474121 , 0.00100016593933
1458826561.66 , 0.0141110685137 , 0.0179998874664 , 0.0130000114441
1458826562.0 , 0.0104166269302 , 0.0969998836517 , 0.00299978256226
1458826562.16 , 0.0141110685137 , 0.0179998874664 , 0.0130000114441
1458826562.5 , 0.00751613801525 , 0.085000038147 , 0.00100016593933
1458826562.66 , 0.0141110685137 , 0.0179998874664 , 0.0130000114441
1458826563.0 , 0.0105000000734 , 0.069000005722 , 0.000999927520752
1458826563.16 , 0.0141110685137 , 0.0179998874664 , 0.0130000114441
1458826563.5 , 0.0147142921175 , 0.0540001392365 , 0.00300002098083
1458826563.66 , 0.0141110685137 , 0.0179998874664 , 0.0130000114441
1458826564.0 , 0.00364516627404 , 0.0090000629425 , 0.00200009346008
1458826564.16 , 0.0141110685137 , 0.0179998874664 , 0.0130000114441
1458826564.5 , 0.00792859281812 , 0.0220000743866 , 0.00300002098083
1458826564.66 , 0.0141110685137 , 0.0179998874664 , 0.0130000114441
1458826565.0 , 0.0111666679382 , 0.0299999713898 , 0.0
1458826565.16 , 0.0141110685137 , 0.0179998874664 , 0.0130000114441
1458826565.5 , 0.00367739892775 , 0.00899982452393 , 0.00200009346008
1458826565.66 , 0.0141110685137 , 0.0179998874664 , 0.0130000114441
1458826566.0 , 0.00596423660006 , 0.0230000019073 , 0.000999927520752
1458826566.16 , 0.0141110685137 , 0.0179998874664 , 0.0130000114441
1458826566.5 , 0.0123793010054 , 0.0309998989105 , 0.0
1458826566.66 , 0.0141110685137 , 0.0179998874664 , 0.0130000114441
1458826567.0 , 0.0131666739782 , 0.0160000324249 , 0.0110001564026
1458826567.16 , 0.0141110685137 , 0.0179998874664 , 0.0130000114441
1458826567.5 , 0.0103000005086 , 0.0380001068115 , 0.00600004196167
1458826567.66 , 0.0141110685137 , 0.0179998874664 , 0.0130000114441
1458826568.0 , 0.00666666825612 , 0.0090000629425 , 0.00500011444092
1458826568.16 , 0.0141110685137 , 0.0179998874664 , 0.0130000114441
1458826568.5 , 0.00899997065144 , 0.0129997730255 , 0.00600004196167
1458826568.66 , 0.0141110685137 , 0.0179998874664 , 0.0130000114441
1458826569.01 , 0.0102758572019 , 0.0189998149872 , 0.0090000629425
1458826569.16 , 0.0141110685137 , 0.0179998874664 , 0.0130000114441
1458826569.51 , 0.0119677589786 , 0.0299999713898 , 0.007000207901
1458826569.66 , 0.0141110685137 , 0.0179998874664 , 0.0130000114441
1458826570.01 , 0.0163666566213 , 0.0299999713898 , 0.0120000839233
1458826570.16 , 0.0141110685137 , 0.0179998874664 , 0.0130000114441
1458826570.51 , 0.0110332886378 , 0.0309998989105 , 0.00200009346008
1458826570.66 , 0.0141110685137 , 0.0179998874664 , 0.0130000114441
1458826571.01 , 0.00896291379575 , 0.0349998474121 , 0.00300002098083
1458826571.16 , 0.0141110685137 , 0.0179998874664 , 0.0130000114441
1458826571.51 , 0.0266956039097 , 0.0889999866486 , 0.00699996948242
1458826571.66 , 0.0141110685137 , 0.0179998874664 , 0.0130000114441
1458826572.01 , 0.0212173876555 , 0.0789999961853 , 0.000999927520752
1458826572.16 , 0.0141110685137 , 0.0179998874664 , 0.0130000114441
1458826572.51 , 0.00856664180756 , 0.0199999809265 , 0.00399994850159
1458826572.66 , 0.0141110685137 , 0.0179998874664 , 0.0130000114441
1458826573.01 , 0.0124800014496 , 0.0450000762939 , 0.000999927520752
1458826573.16 , 0.0141110685137 , 0.0179998874664 , 0.0130000114441
1458826573.51 , 0.016967719601 , 0.021999835968 , 0.0160000324249
1458826573.66 , 0.0141110685137 , 0.0179998874664 , 0.0130000114441
1458826574.01 , 0.0171290059243 , 0.021999835968 , 0.0150001049042
1458826574.16 , 0.0141110685137 , 0.0179998874664 , 0.0130000114441
1458826574.51 , 0.016633272171 , 0.0339999198914 , 0.000999927520752
1458826574.66 , 0.0141110685137 , 0.0179998874664 , 0.0130000114441
1458826575.01 , 0.0169999758403 , 0.0199999809265 , 0.0140001773834
1458826575.16 , 0.0141110685137 , 0.0179998874664 , 0.0130000114441
1458826575.51 , 0.0163999954859 , 0.0340001583099 , 0.00100016593933
1458826575.66 , 0.0141110685137 , 0.0179998874664 , 0.0130000114441
1458826576.01 , 0.01046667099 , 0.0269999504089 , 0.00100016593933
1458826576.16 , 0.0141110685137 , 0.0179998874664 , 0.0130000114441
1458826576.51 , 0.0137036818045 , 0.0329999923706 , 0.000999927520752
1458826576.67 , 0.0141110685137 , 0.0179998874664 , 0.0130000114441
1458826577.01 , 0.0146538294279 , 0.0720000267029 , 0.000999927520752
1458826577.16 , 0.0141110685137 , 0.0179998874664 , 0.0130000114441
1458826577.51 , 0.0168461249425 , 0.0309998989105 , 0.00699996948242
1458826577.66 , 0.0141110685137 , 0.0179998874664 , 0.0130000114441
1458826578.01 , 0.0151724239876 , 0.0429999828339 , 0.0
1458826578.16 , 0.0141110685137 , 0.0179998874664 , 0.0130000114441
1458826578.53 , 0.0118276004134 , 0.0390000343323 , 0.007000207901
1458826578.66 , 0.0141110685137 , 0.0179998874664 , 0.0130000114441
1458826579.01 , 0.00546428135463 , 0.0339999198914 , 0.00200009346008
1458826579.16 , 0.0141110685137 , 0.0179998874664 , 0.0130000114441
1458826579.51 , 0.00725804605792 , 0.021999835968 , 0.00300002098083
1458826579.66 , 0.0141110685137 , 0.0179998874664 , 0.0130000114441
1458826580.01 , 0.00979313357123 , 0.039999961853 , 0.00500011444092
1458826580.16 , 0.0141110685137 , 0.0179998874664 , 0.0130000114441
1458826580.51 , 0.0124666531881 , 0.0169999599457 , 0.0090000629425
1458826580.66 , 0.0141110685137 , 0.0179998874664 , 0.0130000114441
1458826581.01 , 0.0135806375934 , 0.0189998149872 , 0.0120000839233
1458826581.17 , 0.0141110685137 , 0.0179998874664 , 0.0130000114441
1458826581.51 , 0.0140333731969 , 0.0299999713898 , 0.0090000629425
1458826581.66 , 0.0141110685137 , 0.0179998874664 , 0.0130000114441
1458826582.01 , 0.0151333332062 , 0.0299999713898 , 0.0110001564026
1458826582.16 , 0.0141110685137 , 0.0179998874664 , 0.0130000114441
1458826582.51 , 0.0169999830184 , 0.0209999084473 , 0.0150001049042
1458826582.66 , 0.0141110685137 , 0.0179998874664 , 0.0130000114441
1458826583.01 , 0.016699997584 , 0.0190000534058 , 0.0160000324249
1458826583.16 , 0.0141110685137 , 0.0179998874664 , 0.0130000114441
1458826583.51 , 0.0113792666074 , 0.0179998874664 , 0.00200009346008
1458826583.66 , 0.0141110685137 , 0.0179998874664 , 0.0130000114441
1458826584.01 , 0.0169999837875 , 0.0209999084473 , 0.0149998664856
1458826584.16 , 0.0141110685137 , 0.0179998874664 , 0.0130000114441
1458826584.51 , 0.0146666288376 , 0.0209999084473 , 0.0
1458826584.66 , 0.0141110685137 , 0.0179998874664 , 0.0130000114441
1458826585.01 , 0.0169666449229 , 0.0299999713898 , 0.0130000114441
1458826585.16 , 0.0141110685137 , 0.0179998874664 , 0.0130000114441
1458826585.51 , 0.0163793070563 , 0.0439999103546 , 0.0
1458826585.66 , 0.0141110685137 , 0.0179998874664 , 0.0130000114441
1458826586.01 , 0.0149031685245 , 0.021999835968 , 0.0120000839233
1458826586.16 , 0.0141110685137 , 0.0179998874664 , 0.0130000114441
1458826586.51 , 0.011433339119 , 0.0319998264313 , 0.00800013542175
1458826586.66 , 0.0141110685137 , 0.0179998874664 , 0.0130000114441
1458826587.01 , 0.0110666672389 , 0.0250000953674 , 0.00800013542175
1458826587.16 , 0.0141110685137 , 0.0179998874664 , 0.0130000114441
1458826587.51 , 0.0167333205541 , 0.0320000648499 , 0.0120000839233
1458826587.66 , 0.0141110685137 , 0.0179998874664 , 0.0130000114441
1458826588.01 , 0.0152580584249 , 0.0230000019073 , 0.0
1458826588.17 , 0.0141110685137 , 0.0179998874664 , 0.0130000114441
1458826588.51 , 0.0147777928246 , 0.039999961853 , 0.0
1458826588.68 , 0.0141110685137 , 0.0179998874664 , 0.0130000114441
1458826589.01 , 0.0166071653366 , 0.0610001087189 , 0.00200009346008
1458826589.16 , 0.0141110685137 , 0.0179998874664 , 0.0130000114441
1458826589.51 , 0.00929631127252 , 0.039999961853 , 0.00200009346008
1458826589.66 , 0.0141110685137 , 0.0179998874664 , 0.0130000114441
1458826590.01 , 0.0180000110909 , 0.0500001907349 , 0.0
1458826590.16 , 0.0141110685137 , 0.0179998874664 , 0.0130000114441
1458826590.51 , 0.0178928715842 , 0.0360000133514 , 0.00100016593933
1458826590.67 , 0.0141110685137 , 0.0179998874664 , 0.0130000114441
1458826591.01 , 0.0145517299915 , 0.0339999198914 , 0.000999927520752
1458826591.16 , 0.0141110685137 , 0.0179998874664 , 0.0130000114441
1458826591.51 , 0.00734482140377 , 0.0289998054504 , 0.00300002098083
1458826591.66 , 0.0141110685137 , 0.0179998874664 , 0.0130000114441
1458826592.01 , 0.0168889098697 , 0.0520000457764 , 0.0019998550415
1458826592.16 , 0.0141110685137 , 0.0179998874664 , 0.0130000114441
1458826592.51 , 0.0163077024313 , 0.0449998378754 , 0.00300002098083
1458826592.66 , 0.0141110685137 , 0.0179998874664 , 0.0130000114441
1458826593.01 , 0.00972414016724 , 0.0360000133514 , 0.0
1458826593.16 , 0.0141110685137 , 0.0179998874664 , 0.0130000114441
1458826593.51 , 0.0146071144513 , 0.0309998989105 , 0.000999927520752
1458826593.67 , 0.0141110685137 , 0.0179998874664 , 0.0130000114441
1458826594.01 , 0.0159285664558 , 0.0310001373291 , 0.0
1458826594.16 , 0.0141110685137 , 0.0179998874664 , 0.0130000114441
1458826594.51 , 0.0154666662216 , 0.0199999809265 , 0.0
1458826594.66 , 0.0141110685137 , 0.0179998874664 , 0.0130000114441
1458826595.01 , 0.0157666524251 , 0.0209999084473 , 0.000999927520752
1458826595.16 , 0.0141110685137 , 0.0179998874664 , 0.0130000114441
1458826595.52 , 0.0191249847412 , 0.0629999637604 , 0.000999927520752
1458826595.67 , 0.0141110685137 , 0.0179998874664 , 0.0130000114441
1458826596.01 , 0.0311363718726 , 0.168999910355 , 0.00200009346008
1458826596.16 , 0.0141110685137 , 0.0179998874664 , 0.0130000114441
1458826596.51 , 0.0137930738515 , 0.0289998054504 , 0.00200009346008
1458826596.67 , 0.0141110685137 , 0.0179998874664 , 0.0130000114441
1458826597.02 , 0.0157142962728 , 0.0380001068115 , 0.00500011444092
1458826597.17 , 0.0141110685137 , 0.0179998874664 , 0.0130000114441
1458826597.52 , 0.0155925927339 , 0.0309998989105 , 0.0
1458826597.67 , 0.0141110685137 , 0.0179998874664 , 0.0130000114441
1458826598.01 , 0.00948145654466 , 0.0390000343323 , 0.0
1458826598.17 , 0.0141110685137 , 0.0179998874664 , 0.0130000114441
1458826598.51 , 0.0142962932587 , 0.0450000762939 , 0.00200009346008
1458826598.68 , 0.0141110685137 , 0.0179998874664 , 0.0130000114441
1458826599.02 , 0.0237599754333 , 0.130999803543 , 0.00100016593933
1458826599.2 , 0.0141110685137 , 0.0179998874664 , 0.0130000114441
1458826599.51 , 0.0128518652033 , 0.0279998779297 , 0.000999927520752
1458826599.7 , 0.0141110685137 , 0.0179998874664 , 0.0130000114441
1458826600.01 , 0.00527583319565 , 0.0189998149872 , 0.00300002098083
1458826600.2 , 0.0141110685137 , 0.0179998874664 , 0.0130000114441
1458826600.51 , 0.00867854697364 , 0.0360000133514 , 0.000999927520752
1458826600.7 , 0.0141110685137 , 0.0179998874664 , 0.0130000114441
1458826601.02 , 0.0201538526095 , 0.0910000801086 , 0.000999927520752
1458826601.2 , 0.0141110685137 , 0.0179998874664 , 0.0130000114441
1458826601.52 , 0.00609998703003 , 0.0369999408722 , 0.00200009346008
1458826601.7 , 0.0141110685137 , 0.0179998874664 , 0.0130000114441
1458826602.02 , 0.0161199855804 , 0.0679998397827 , 0.0
1458826602.2 , 0.0141110685137 , 0.0179998874664 , 0.0130000114441
1458826602.52 , 0.00968963524391 , 0.0379998683929 , 0.00500011444092
1458826602.7 , 0.0141110685137 , 0.0179998874664 , 0.0130000114441
1458826603.02 , 0.0113999684652 , 0.0289998054504 , 0.00799989700317
1458826603.2 , 0.0141110685137 , 0.0179998874664 , 0.0130000114441
1458826603.52 , 0.0138709929682 , 0.0299999713898 , 0.0090000629425
1458826603.72 , 0.0141110685137 , 0.0179998874664 , 0.0130000114441
1458826604.02 , 0.0202500025431 , 0.0799999237061 , 0.0
1458826604.22 , 0.0141110685137 , 0.0179998874664 , 0.0130000114441
1458826604.52 , 0.0143000046412 , 0.0319998264313 , 0.00300002098083
1458826604.72 , 0.0141110685137 , 0.0179998874664 , 0.0130000114441
1458826605.02 , 0.0168076570217 , 0.106999874115 , 0.00399994850159
1458826605.22 , 0.0141110685137 , 0.0179998874664 , 0.0130000114441
1458826605.52 , 0.00953570434025 , 0.0419998168945 , 0.00300002098083
1458826605.72 , 0.0141110685137 , 0.0179998874664 , 0.0130000114441
1458826606.02 , 0.0164074014734 , 0.0490000247955 , 0.0
1458826606.22 , 0.0141110685137 , 0.0179998874664 , 0.0130000114441
1458826606.52 , 0.0121071594102 , 0.0379998683929 , 0.0
1458826606.72 , 0.0141110685137 , 0.0179998874664 , 0.0130000114441
1458826607.02 , 0.0144827776942 , 0.0210001468658 , 0.0110001564026
1458826607.22 , 0.0141110685137 , 0.0179998874664 , 0.0130000114441
1458826607.52 , 0.0119666099548 , 0.039999961853 , 0.00799989700317
1458826607.72 , 0.0141110685137 , 0.0179998874664 , 0.0130000114441
1458826608.02 , 0.0101034394626 , 0.0119998455048 , 0.00800013542175
1458826608.22 , 0.0141110685137 , 0.0179998874664 , 0.0130000114441
1458826608.52 , 0.0150666554769 , 0.0319998264313 , 0.0
1458826608.72 , 0.0141110685137 , 0.0179998874664 , 0.0130000114441
1458826609.02 , 0.0135769385558 , 0.0529999732971 , 0.00400018692017
1458826609.22 , 0.0141110685137 , 0.0179998874664 , 0.0130000114441
1458826609.55 , 0.0138275705535 , 0.0329999923706 , 0.0
1458826609.72 , 0.0141110685137 , 0.0179998874664 , 0.0130000114441
1458826610.05 , 0.0364782810211 , 0.179000139236 , 0.00600004196167
1458826610.22 , 0.0141110685137 , 0.0179998874664 , 0.0130000114441
1458826610.54 , 0.0169999763883 , 0.0319998264313 , 0.0
1458826610.72 , 0.0141110685137 , 0.0179998874664 , 0.0130000114441
1458826611.05 , 0.00650001366933 , 0.0289998054504 , 0.00100016593933
1458826611.22 , 0.0141110685137 , 0.0179998874664 , 0.0130000114441
1458826611.55 , 0.0111724097153 , 0.0469999313354 , 0.00400018692017
1458826611.72 , 0.0141110685137 , 0.0179998874664 , 0.0130000114441
1458826612.05 , 0.017172402349 , 0.0329999923706 , 0.0
1458826612.22 , 0.0141110685137 , 0.0179998874664 , 0.0130000114441
1458826612.55 , 0.0111666679382 , 0.0289998054504 , 0.000999927520752
1458826612.72 , 0.0141110685137 , 0.0179998874664 , 0.0130000114441
1458826613.05 , 0.0166153816076 , 0.0449998378754 , 0.00200009346008
1458826613.22 , 0.0141110685137 , 0.0179998874664 , 0.0130000114441
1458826613.55 , 0.0106999476751 , 0.0169999599457 , 0.00100016593933
1458826613.72 , 0.0141110685137 , 0.0179998874664 , 0.0130000114441
1458826614.05 , 0.0184000110626 , 0.0729999542236 , 0.00200009346008
1458826614.22 , 0.0141110685137 , 0.0179998874664 , 0.0130000114441
1458826614.55 , 0.0100344460586 , 0.0349998474121 , 0.00300002098083
1458826614.72 , 0.0141110685137 , 0.0179998874664 , 0.0130000114441
1458826615.05 , 0.025291711092 , 0.134999990463 , 0.00999999046326
1458826615.22 , 0.0141110685137 , 0.0179998874664 , 0.0130000114441
1458826615.55 , 0.00946428094591 , 0.039999961853 , 0.00200009346008
1458826615.72 , 0.0141110685137 , 0.0179998874664 , 0.0130000114441
1458826616.05 , 0.00776921785795 , 0.0449998378754 , 0.000999927520752
1458826616.22 , 0.0141110685137 , 0.0179998874664 , 0.0130000114441
1458826616.55 , 0.0149629645877 , 0.0860002040863 , 0.00200009346008
1458826616.72 , 0.0141110685137 , 0.0179998874664 , 0.0130000114441
1458826617.05 , 0.00756668249766 , 0.010999917984 , 0.00200009346008
1458826617.22 , 0.0141110685137 , 0.0179998874664 , 0.0130000114441
1458826617.55 , 0.00936668713888 , 0.0139999389648 , 0.00500011444092
1458826617.72 , 0.0141110685137 , 0.0179998874664 , 0.0130000114441
1458826618.05 , 0.0143928442683 , 0.0299999713898 , 0.000999927520752
1458826618.22 , 0.0141110685137 , 0.0179998874664 , 0.0130000114441
1458826618.55 , 0.00806895617781 , 0.0320000648499 , 0.0
1458826618.72 , 0.0141110685137 , 0.0179998874664 , 0.0130000114441
1458826619.05 , 0.0168846203731 , 0.0829999446869 , 0.00300002098083
1458826619.22 , 0.0141110685137 , 0.0179998874664 , 0.0130000114441
1458826619.55 , 0.0114285349846 , 0.0339999198914 , 0.00300002098083
1458826619.72 , 0.0141110685137 , 0.0179998874664 , 0.0130000114441
1458826620.05 , 0.0136071188109 , 0.039999961853 , 0.00600004196167
1458826620.22 , 0.0141110685137 , 0.0179998874664 , 0.0130000114441
1458826620.55 , 0.0114333152771 , 0.0409998893738 , 0.0
1458826620.72 , 0.0141110685137 , 0.0179998874664 , 0.0130000114441
1458826621.05 , 0.0121922951478 , 0.0329999923706 , 0.00300002098083
1458826621.22 , 0.0141110685137 , 0.0179998874664 , 0.0130000114441
1458826621.55 , 0.0119666735331 , 0.0299999713898 , 0.000999927520752
1458826621.72 , 0.0141110685137 , 0.0179998874664 , 0.0130000114441
1458826622.05 , 0.016413770873 , 0.0249998569489 , 0.0019998550415
1458826622.23 , 0.0141110685137 , 0.0179998874664 , 0.0130000114441
1458826622.55 , 0.0117666800817 , 0.0189998149872 , 0.0
1458826622.72 , 0.0141110685137 , 0.0179998874664 , 0.0130000114441
1458826623.05 , 0.00928569691522 , 0.0569999217987 , 0.00200009346008
1458826623.22 , 0.0141110685137 , 0.0179998874664 , 0.0130000114441
1458826623.55 , 0.00642860787255 , 0.0369999408722 , 0.00100016593933
1458826623.73 , 0.0141110685137 , 0.0179998874664 , 0.0130000114441
1458826624.05 , 0.0133792942968 , 0.0520000457764 , 0.00600004196167
1458826624.23 , 0.0141110685137 , 0.0179998874664 , 0.0130000114441
1458826624.55 , 0.0159655357229 , 0.0409998893738 , 0.0
1458826624.74 , 0.0141110685137 , 0.0179998874664 , 0.0130000114441
1458826625.05 , 0.00960716179439 , 0.0319998264313 , 0.0
1458826625.23 , 0.0141110685137 , 0.0179998874664 , 0.0130000114441
1458826625.55 , 0.0112143073763 , 0.055999994278 , 0.0
1458826625.73 , 0.0141110685137 , 0.0179998874664 , 0.0130000114441
1458826626.05 , 0.0100713968277 , 0.0339999198914 , 0.00300002098083
1458826626.23 , 0.0141110685137 , 0.0179998874664 , 0.0130000114441
1458826626.55 , 0.00989285537175 , 0.0329999923706 , 0.00100016593933
1458826626.73 , 0.0141110685137 , 0.0179998874664 , 0.0130000114441
1458826627.05 , 0.0167916615804 , 0.0920000076294 , 0.0
1458826627.23 , 0.0141110685137 , 0.0179998874664 , 0.0130000114441
1458826627.55 , 0.0121034096027 , 0.0199999809265 , 0.0
1458826627.73 , 0.0141110685137 , 0.0179998874664 , 0.0130000114441
1458826628.05 , 0.0164074367947 , 0.0750000476837 , 0.00200009346008
1458826628.23 , 0.0141110685137 , 0.0179998874664 , 0.0130000114441
1458826628.55 , 0.0143600082397 , 0.0429999828339 , 0.0
1458826628.74 , 0.0141110685137 , 0.0179998874664 , 0.0130000114441
1458826629.05 , 0.0143043683923 , 0.111999988556 , 0.000999927520752
1458826629.24 , 0.0141110685137 , 0.0179998874664 , 0.0130000114441
1458826629.55 , 0.00750000987734 , 0.0369999408722 , 0.000999927520752
1458826629.74 , 0.0141110685137 , 0.0179998874664 , 0.0130000114441
1458826630.05 , 0.0218181393363 , 0.126999855042 , 0.00300002098083
1458826630.24 , 0.0141110685137 , 0.0179998874664 , 0.0130000114441
1458826630.55 , 0.0282083153725 , 0.144999980927 , 0.0019998550415
1458826630.74 , 0.0141110685137 , 0.0179998874664 , 0.0130000114441
1458826631.05 , 0.0161070993968 , 0.0439999103546 , 0.00499987602234
1458826631.24 , 0.0141110685137 , 0.0179998874664 , 0.0130000114441
1458826631.55 , 0.0153571793011 , 0.0299999713898 , 0.0
1458826631.74 , 0.0141110685137 , 0.0179998874664 , 0.0130000114441
1458826632.05 , 0.0134666522344 , 0.0189998149872 , 0.0
1458826632.24 , 0.0141110685137 , 0.0179998874664 , 0.0130000114441
1458826632.55 , 0.0122857093811 , 0.029000043869 , 0.0
1458826632.74 , 0.0141110685137 , 0.0179998874664 , 0.0130000114441
1458826633.05 , 0.0134138403268 , 0.0429999828339 , 0.00600004196167
1458826633.24 , 0.0141110685137 , 0.0179998874664 , 0.0130000114441
1458826633.55 , 0.0125862318894 , 0.0390000343323 , 0.0
1458826633.74 , 0.0141110685137 , 0.0179998874664 , 0.0130000114441
1458826634.05 , 0.00717854499817 , 0.0139999389648 , 0.00300002098083
1458826634.24 , 0.0141110685137 , 0.0179998874664 , 0.0130000114441
1458826634.55 , 0.011633292834 , 0.0279998779297 , 0.0
1458826634.74 , 0.0141110685137 , 0.0179998874664 , 0.0130000114441
1458826635.05 , 0.0144999623299 , 0.0299999713898 , 0.0019998550415
1458826635.24 , 0.0141110685137 , 0.0179998874664 , 0.0130000114441
1458826635.55 , 0.00903449387386 , 0.0479998588562 , 0.00200009346008
1458826635.74 , 0.0141110685137 , 0.0179998874664 , 0.0130000114441
1458826636.05 , 0.0110689771586 , 0.0309998989105 , 0.00100016593933
1458826636.24 , 0.0141110685137 , 0.0179998874664 , 0.0130000114441
1458826636.55 , 0.0171851846907 , 0.0390000343323 , 0.0
1458826636.74 , 0.0141110685137 , 0.0179998874664 , 0.0130000114441
1458826637.05 , 0.0173570939473 , 0.0799999237061 , 0.00300002098083
1458826637.24 , 0.0141110685137 , 0.0179998874664 , 0.0130000114441
1458826637.56 , 0.00668965536973 , 0.0279998779297 , 0.00100016593933
1458826637.75 , 0.0141110685137 , 0.0179998874664 , 0.0130000114441
1458826638.05 , 0.0158749719461 , 0.0490000247955 , 0.000999927520752
1458826638.28 , 0.0141110685137 , 0.0179998874664 , 0.0130000114441
1458826638.55 , 0.0104642425265 , 0.0349998474121 , 0.00200009346008
1458826638.79 , 0.0141110685137 , 0.0179998874664 , 0.0130000114441
1458826639.05 , 0.014666646719 , 0.12299990654 , 0.00200009346008
1458826639.29 , 0.0141110685137 , 0.0179998874664 , 0.0130000114441
1458826639.56 , 0.0101034394626 , 0.0590000152588 , 0.00500011444092
1458826639.79 , 0.0141110685137 , 0.0179998874664 , 0.0130000114441
1458826640.06 , 0.0262631491611 , 0.175999879837 , 0.00500011444092
1458826640.29 , 0.0141110685137 , 0.0179998874664 , 0.0130000114441
1458826640.56 , 0.0143703619639 , 0.0239999294281 , 0.0
1458826640.8 , 0.0141110685137 , 0.0179998874664 , 0.0130000114441
1458826641.06 , 0.0198000144958 , 0.115000009537 , 0.000999927520752
1458826641.29 , 0.0141110685137 , 0.0179998874664 , 0.0130000114441
1458826641.56 , 0.0174799823761 , 0.0920000076294 , 0.000999927520752
1458826641.79 , 0.0141110685137 , 0.0179998874664 , 0.0130000114441
1458826642.06 , 0.00759998162587 , 0.0279998779297 , 0.00600004196167
1458826642.3 , 0.0141110685137 , 0.0179998874664 , 0.0130000114441
1458826642.56 , 0.00882755476853 , 0.0409998893738 , 0.00600004196167
1458826642.83 , 0.0141110685137 , 0.0179998874664 , 0.0130000114441
1458826643.06 , 0.0278421075721 , 0.112999916077 , 0.00200009346008
1458826643.32 , 0.0141110685137 , 0.0179998874664 , 0.0130000114441
1458826643.56 , 0.0193043480749 , 0.0700001716614 , 0.0
1458826643.82 , 0.0141110685137 , 0.0179998874664 , 0.0130000114441
1458826644.06 , 0.0221738918968 , 0.0869998931885 , 0.000999927520752
1458826644.32 , 0.0141110685137 , 0.0179998874664 , 0.0130000114441
1458826644.56 , 0.0171379220897 , 0.0460000038147 , 0.0
1458826644.82 , 0.0141110685137 , 0.0179998874664 , 0.0130000114441
1458826645.06 , 0.0129310509254 , 0.0299999713898 , 0.0
1458826645.32 , 0.0141110685137 , 0.0179998874664 , 0.0130000114441
1458826645.56 , 0.0103871207083 , 0.0250000953674 , 0.00500011444092
1458826645.82 , 0.0141110685137 , 0.0179998874664 , 0.0130000114441
1458826646.06 , 0.00980000495911 , 0.0230000019073 , 0.00600004196167
1458826646.32 , 0.0141110685137 , 0.0179998874664 , 0.0130000114441
1458826646.56 , 0.0159655028376 , 0.0309998989105 , 0.000999927520752
1458826646.82 , 0.0141110685137 , 0.0179998874664 , 0.0130000114441
1458826647.06 , 0.0138965475148 , 0.0299999713898 , 0.0
1458826647.32 , 0.0141110685137 , 0.0179998874664 , 0.0130000114441
1458826647.57 , 0.0128620410788 , 0.0409998893738 , 0.0090000629425
1458826647.82 , 0.0141110685137 , 0.0179998874664 , 0.0130000114441
1458826648.08 , 0.00549999078115 , 0.021999835968 , 0.00200009346008
1458826648.32 , 0.0141110685137 , 0.0179998874664 , 0.0130000114441
1458826648.62 , 0.0145862102509 , 0.0420000553131 , 0.0
1458826648.82 , 0.0141110685137 , 0.0179998874664 , 0.0130000114441
1458826649.07 , 0.0197037149359 , 0.0799999237061 , 0.000999927520752
1458826649.32 , 0.0141110685137 , 0.0179998874664 , 0.0130000114441
1458826649.57 , 0.00516664981842 , 0.0379998683929 , 0.00300002098083
1458826649.82 , 0.0141110685137 , 0.0179998874664 , 0.0130000114441
1458826650.07 , 0.00527587430231 , 0.0199999809265 , 0.0019998550415
1458826650.32 , 0.0141110685137 , 0.0179998874664 , 0.0130000114441
1458826650.57 , 0.0154000282288 , 0.0250000953674 , 0.00800013542175
1458826650.83 , 0.0141110685137 , 0.0179998874664 , 0.0130000114441
1458826651.07 , 0.0135517038148 , 0.0409998893738 , 0.00600004196167
1458826651.33 , 0.0141110685137 , 0.0179998874664 , 0.0130000114441
1458826651.57 , 0.0131333430608 , 0.0160000324249 , 0.0110001564026
1458826651.83 , 0.0141110685137 , 0.0179998874664 , 0.0130000114441
1458826652.07 , 0.0146128977499 , 0.0189998149872 , 0.0130000114441
1458826652.33 , 0.0141110685137 , 0.0179998874664 , 0.0130000114441
1458826652.57 , 0.0153666655223 , 0.0299999713898 , 0.0120000839233
1458826652.83 , 0.0141110685137 , 0.0179998874664 , 0.0130000114441
1458826653.07 , 0.0168333053589 , 0.0189998149872 , 0.0160000324249
1458826653.33 , 0.0141110685137 , 0.0179998874664 , 0.0130000114441
1458826653.57 , 0.008966644605 , 0.0339999198914 , 0.00200009346008
1458826653.83 , 0.0141110685137 , 0.0179998874664 , 0.0130000114441
1458826654.07 , 0.00366664727529 , 0.00699996948242 , 0.00200009346008
1458826654.33 , 0.0141110685137 , 0.0179998874664 , 0.0130000114441
1458826654.57 , 0.0112962722778 , 0.0409998893738 , 0.00300002098083
1458826654.83 , 0.0141110685137 , 0.0179998874664 , 0.0130000114441
1458826655.07 , 0.0121071083205 , 0.0160000324249 , 0.000999927520752
1458826655.33 , 0.0141110685137 , 0.0179998874664 , 0.0130000114441
1458826655.57 , 0.0145333369573 , 0.0350000858307 , 0.0
1458826655.83 , 0.0141110685137 , 0.0179998874664 , 0.0130000114441
1458826656.07 , 0.0150967644107 , 0.021999835968 , 0.0
1458826656.33 , 0.0141110685137 , 0.0179998874664 , 0.0130000114441
1458826656.57 , 0.00728573117937 , 0.0350000858307 , 0.00200009346008
1458826656.83 , 0.0141110685137 , 0.0179998874664 , 0.0130000114441
1458826657.07 , 0.0126428093229 , 0.048999786377 , 0.000999927520752
1458826657.33 , 0.0141110685137 , 0.0179998874664 , 0.0130000114441
1458826657.57 , 0.00853330294291 , 0.0299999713898 , 0.0
1458826657.83 , 0.0141110685137 , 0.0179998874664 , 0.0130000114441
1458826658.07 , 0.00493333339691 , 0.0339999198914 , 0.00200009346008
1458826658.33 , 0.0141110685137 , 0.0179998874664 , 0.0130000114441
1458826658.57 , 0.00703449906974 , 0.0339999198914 , 0.00300002098083
1458826658.84 , 0.0141110685137 , 0.0179998874664 , 0.0130000114441
1458826659.07 , 0.0180740797961 , 0.0929999351501 , 0.00800013542175
1458826659.34 , 0.0141110685137 , 0.0179998874664 , 0.0130000114441
1458826659.57 , 0.017310339829 , 0.0439999103546 , 0.010999917984
1458826659.84 , 0.0141110685137 , 0.0179998874664 , 0.0130000114441
1458826660.07 , 0.0141333262126 , 0.0299999713898 , 0.0
1458826660.34 , 0.0141110685137 , 0.0179998874664 , 0.0130000114441
1458826660.57 , 0.0116666396459 , 0.0159997940063 , 0.0090000629425
1458826660.84 , 0.0141110685137 , 0.0179998874664 , 0.0130000114441
1458826661.07 , 0.0124516025666 , 0.0269999504089 , 0.00799989700317
1458826661.35 , 0.0141110685137 , 0.0179998874664 , 0.0130000114441
1458826661.57 , 0.00810715981892 , 0.029000043869 , 0.0019998550415
1458826661.85 , 0.0141110685137 , 0.0179998874664 , 0.0130000114441
1458826662.08 , 0.0116538451268 , 0.0369999408722 , 0.00600004196167
1458826662.35 , 0.0141110685137 , 0.0179998874664 , 0.0130000114441
1458826662.58 , 0.0245769207294 , 0.085000038147 , 0.000999927520752
1458826662.84 , 0.0141110685137 , 0.0179998874664 , 0.0130000114441
1458826663.08 , 0.0142221892322 , 0.0369999408722 , 0.000999927520752
1458826663.34 , 0.0141110685137 , 0.0179998874664 , 0.0130000114441
1458826663.58 , 0.00736665725708 , 0.0160000324249 , 0.00200009346008
1458826663.85 , 0.0141110685137 , 0.0179998874664 , 0.0130000114441
1458826664.24 , 0.0110689689373 , 0.0269999504089 , 0.0090000629425
1458826664.38 , 0.0141110685137 , 0.0179998874664 , 0.0130000114441
1458826664.63 , 0.049624979496 , 0.228999853134 , 0.00300002098083
1458826664.87 , 0.0141110685137 , 0.0179998874664 , 0.0130000114441
1458826665.13 , 0.0155555848722 , 0.074000120163 , 0.000999927520752
1458826665.37 , 0.0141110685137 , 0.0179998874664 , 0.0130000114441
1458826665.63 , 0.0133225687089 , 0.0149998664856 , 0.0130000114441
1458826665.87 , 0.0141110685137 , 0.0179998874664 , 0.0130000114441
1458826666.17 , 0.0102857351303 , 0.0170001983643 , 0.00100016593933
1458826666.37 , 0.0141110685137 , 0.0179998874664 , 0.0130000114441
1458826666.67 , 0.0202580498111 , 0.0819997787476 , 0.0
1458826666.88 , 0.0141110685137 , 0.0179998874664 , 0.0130000114441
1458826667.17 , 0.00882143633706 , 0.0460000038147 , 0.000999927520752
1458826667.38 , 0.0141110685137 , 0.0179998874664 , 0.0130000114441
1458826667.67 , 0.0142758221462 , 0.0209999084473 , 0.00300002098083
1458826667.88 , 0.0141110685137 , 0.0179998874664 , 0.0130000114441
1458826668.17 , 0.00709997018178 , 0.0249998569489 , 0.00100016593933
1458826668.39 , 0.0141110685137 , 0.0179998874664 , 0.0130000114441
1458826668.67 , 0.0128965213381 , 0.0299999713898 , 0.00300002098083
1458826668.9 , 0.0141110685137 , 0.0179998874664 , 0.0130000114441
1458826669.17 , 0.0120333274206 , 0.029000043869 , 0.00500011444092
1458826669.4 , 0.0141110685137 , 0.0179998874664 , 0.0130000114441
1458826669.67 , 0.0113793241567 , 0.0329999923706 , 0.0019998550415
1458826669.9 , 0.0141110685137 , 0.0179998874664 , 0.0130000114441
1458826670.17 , 0.0167096660983 , 0.0339999198914 , 0.0019998550415
1458826670.4 , 0.0141110685137 , 0.0179998874664 , 0.0130000114441
1458826670.67 , 0.0167999823888 , 0.0199999809265 , 0.0160000324249
1458826670.9 , 0.0141110685137 , 0.0179998874664 , 0.0130000114441
1458826671.17 , 0.0149259302351 , 0.069000005722 , 0.0090000629425
1458826671.4 , 0.0141110685137 , 0.0179998874664 , 0.0130000114441
1458826671.67 , 0.012241404632 , 0.0320000648499 , 0.00300002098083
1458826671.9 , 0.0141110685137 , 0.0179998874664 , 0.0130000114441
1458826672.17 , 0.00687094657652 , 0.0360000133514 , 0.00300002098083
1458826672.4 , 0.0141110685137 , 0.0179998874664 , 0.0130000114441
1458826672.67 , 0.00837931961849 , 0.0419998168945 , 0.00300002098083
1458826672.9 , 0.0141110685137 , 0.0179998874664 , 0.0130000114441
1458826673.17 , 0.00903448565253 , 0.0299999713898 , 0.00200009346008
1458826673.4 , 0.0141110685137 , 0.0179998874664 , 0.0130000114441
1458826673.67 , 0.0133999903997 , 0.0299999713898 , 0.000999927520752
1458826673.9 , 0.0141110685137 , 0.0179998874664 , 0.0130000114441
1458826674.17 , 0.0149309881802 , 0.0309998989105 , 0.000999927520752
1458826674.4 , 0.0141110685137 , 0.0179998874664 , 0.0130000114441
1458826674.67 , 0.0121110721871 , 0.0380001068115 , 0.0
1458826674.9 , 0.0141110685137 , 0.0179998874664 , 0.0130000114441
1458826675.17 , 0.00666666030884 , 0.00699996948242 , 0.00600004196167
1458826675.41 , 0.0141110685137 , 0.0179998874664 , 0.0130000114441
1458826675.67 , 0.00666666030884 , 0.00699996948242 , 0.00600004196167
1458826675.9 , 0.0141110685137 , 0.0179998874664 , 0.0130000114441
1458826676.17 , 0.00666666030884 , 0.00699996948242 , 0.00600004196167
1458826676.4 , 0.0141110685137 , 0.0179998874664 , 0.0130000114441
1458826676.67 , 0.00666666030884 , 0.00699996948242 , 0.00600004196167
1458826676.9 , 0.0141110685137 , 0.0179998874664 , 0.0130000114441
1458826677.17 , 0.00666666030884 , 0.00699996948242 , 0.00600004196167
1458826677.41 , 0.0141110685137 , 0.0179998874664 , 0.0130000114441
1458826677.67 , 0.00666666030884 , 0.00699996948242 , 0.00600004196167
1458826677.91 , 0.0141110685137 , 0.0179998874664 , 0.0130000114441
1458826678.17 , 0.00666666030884 , 0.00699996948242 , 0.00600004196167
1458826678.41 , 0.0141110685137 , 0.0179998874664 , 0.0130000114441
1458826678.67 , 0.00666666030884 , 0.00699996948242 , 0.00600004196167
1458826678.91 , 0.0141110685137 , 0.0179998874664 , 0.0130000114441
1458826679.17 , 0.00666666030884 , 0.00699996948242 , 0.00600004196167
1458826679.41 , 0.0141110685137 , 0.0179998874664 , 0.0130000114441
1458826679.67 , 0.00666666030884 , 0.00699996948242 , 0.00600004196167
1458826679.91 , 0.0141110685137 , 0.0179998874664 , 0.0130000114441
1458826680.17 , 0.00666666030884 , 0.00699996948242 , 0.00600004196167
1458826680.41 , 0.0141110685137 , 0.0179998874664 , 0.0130000114441
1458826680.67 , 0.00666666030884 , 0.00699996948242 , 0.00600004196167
1458826680.91 , 0.0141110685137 , 0.0179998874664 , 0.0130000114441
1458826681.17 , 0.00666666030884 , 0.00699996948242 , 0.00600004196167
1458826681.41 , 0.0141110685137 , 0.0179998874664 , 0.0130000114441
1458826681.67 , 0.00666666030884 , 0.00699996948242 , 0.00600004196167
1458826681.91 , 0.0141110685137 , 0.0179998874664 , 0.0130000114441
1458826682.17 , 0.00666666030884 , 0.00699996948242 , 0.00600004196167
1458826682.41 , 0.0141110685137 , 0.0179998874664 , 0.0130000114441
1458826682.67 , 0.00666666030884 , 0.00699996948242 , 0.00600004196167
1458826682.91 , 0.0141110685137 , 0.0179998874664 , 0.0130000114441
1458826683.17 , 0.00666666030884 , 0.00699996948242 , 0.00600004196167
1458826683.41 , 0.0141110685137 , 0.0179998874664 , 0.0130000114441
1458826683.67 , 0.00666666030884 , 0.00699996948242 , 0.00600004196167
1458826683.91 , 0.0141110685137 , 0.0179998874664 , 0.0130000114441
1458826684.17 , 0.00666666030884 , 0.00699996948242 , 0.00600004196167
1458826684.41 , 0.0141110685137 , 0.0179998874664 , 0.0130000114441
1458826684.67 , 0.00666666030884 , 0.00699996948242 , 0.00600004196167
1458826684.91 , 0.0141110685137 , 0.0179998874664 , 0.0130000114441
1458826685.17 , 0.00666666030884 , 0.00699996948242 , 0.00600004196167
1458826685.41 , 0.0141110685137 , 0.0179998874664 , 0.0130000114441
1458826685.67 , 0.00666666030884 , 0.00699996948242 , 0.00600004196167
1458826685.92 , 0.0141110685137 , 0.0179998874664 , 0.0130000114441
1458826686.17 , 0.00666666030884 , 0.00699996948242 , 0.00600004196167
1458826686.42 , 0.0141110685137 , 0.0179998874664 , 0.0130000114441
1458826686.67 , 0.00666666030884 , 0.00699996948242 , 0.00600004196167
1458826686.92 , 0.0141110685137 , 0.0179998874664 , 0.0130000114441
1458826687.17 , 0.00666666030884 , 0.00699996948242 , 0.00600004196167
1458826687.42 , 0.0141110685137 , 0.0179998874664 , 0.0130000114441
1458826687.67 , 0.00666666030884 , 0.00699996948242 , 0.00600004196167
1458826687.92 , 0.0141110685137 , 0.0179998874664 , 0.0130000114441
1458826688.17 , 0.00666666030884 , 0.00699996948242 , 0.00600004196167
1458826688.42 , 0.0141110685137 , 0.0179998874664 , 0.0130000114441
1458826688.67 , 0.00666666030884 , 0.00699996948242 , 0.00600004196167
1458826688.92 , 0.0141110685137 , 0.0179998874664 , 0.0130000114441
1458826689.17 , 0.00666666030884 , 0.00699996948242 , 0.00600004196167
1458826689.42 , 0.0141110685137 , 0.0179998874664 , 0.0130000114441
1458826689.67 , 0.00666666030884 , 0.00699996948242 , 0.00600004196167
1458826689.93 , 0.0141110685137 , 0.0179998874664 , 0.0130000114441
1458826690.17 , 0.00666666030884 , 0.00699996948242 , 0.00600004196167
1458826690.42 , 0.0141110685137 , 0.0179998874664 , 0.0130000114441
1458826690.67 , 0.00666666030884 , 0.00699996948242 , 0.00600004196167
1458826690.92 , 0.0141110685137 , 0.0179998874664 , 0.0130000114441
1458826691.17 , 0.00666666030884 , 0.00699996948242 , 0.00600004196167
1458826691.42 , 0.0141110685137 , 0.0179998874664 , 0.0130000114441
1458826691.67 , 0.00666666030884 , 0.00699996948242 , 0.00600004196167
1458826691.92 , 0.0141110685137 , 0.0179998874664 , 0.0130000114441
1458826692.17 , 0.00666666030884 , 0.00699996948242 , 0.00600004196167
1458826692.42 , 0.0141110685137 , 0.0179998874664 , 0.0130000114441
1458826692.67 , 0.00666666030884 , 0.00699996948242 , 0.00600004196167
1458826692.92 , 0.0141110685137 , 0.0179998874664 , 0.0130000114441
1458826693.17 , 0.00666666030884 , 0.00699996948242 , 0.00600004196167
1458826693.42 , 0.0141110685137 , 0.0179998874664 , 0.0130000114441
1458826693.71 , 0.00666666030884 , 0.00699996948242 , 0.00600004196167
1458826693.92 , 0.0141110685137 , 0.0179998874664 , 0.0130000114441
1458826694.21 , 0.00666666030884 , 0.00699996948242 , 0.00600004196167
1458826694.42 , 0.0141110685137 , 0.0179998874664 , 0.0130000114441
1458826694.72 , 0.00666666030884 , 0.00699996948242 , 0.00600004196167
1458826694.92 , 0.0141110685137 , 0.0179998874664 , 0.0130000114441
1458826695.22 , 0.00666666030884 , 0.00699996948242 , 0.00600004196167
1458826695.42 , 0.0141110685137 , 0.0179998874664 , 0.0130000114441
1458826695.72 , 0.00666666030884 , 0.00699996948242 , 0.00600004196167
1458826695.92 , 0.0141110685137 , 0.0179998874664 , 0.0130000114441
1458826696.23 , 0.00666666030884 , 0.00699996948242 , 0.00600004196167
1458826696.42 , 0.0141110685137 , 0.0179998874664 , 0.0130000114441
1458826696.73 , 0.00666666030884 , 0.00699996948242 , 0.00600004196167
1458826696.92 , 0.0141110685137 , 0.0179998874664 , 0.0130000114441
1458826697.23 , 0.00666666030884 , 0.00699996948242 , 0.00600004196167
1458826697.42 , 0.0141110685137 , 0.0179998874664 , 0.0130000114441
1458826697.73 , 0.00666666030884 , 0.00699996948242 , 0.00600004196167
1458826697.92 , 0.0141110685137 , 0.0179998874664 , 0.0130000114441
1458826698.23 , 0.00666666030884 , 0.00699996948242 , 0.00600004196167
1458826698.42 , 0.0141110685137 , 0.0179998874664 , 0.0130000114441
1458826698.73 , 0.00666666030884 , 0.00699996948242 , 0.00600004196167
1458826698.92 , 0.0141110685137 , 0.0179998874664 , 0.0130000114441
1458826699.23 , 0.00666666030884 , 0.00699996948242 , 0.00600004196167
1458826699.43 , 0.0141110685137 , 0.0179998874664 , 0.0130000114441
1458826699.73 , 0.00666666030884 , 0.00699996948242 , 0.00600004196167
1458826699.92 , 0.0141110685137 , 0.0179998874664 , 0.0130000114441
1458826700.23 , 0.00666666030884 , 0.00699996948242 , 0.00600004196167
1458826700.42 , 0.0141110685137 , 0.0179998874664 , 0.0130000114441
1458826700.73 , 0.00666666030884 , 0.00699996948242 , 0.00600004196167
1458826700.92 , 0.0141110685137 , 0.0179998874664 , 0.0130000114441
1458826701.23 , 0.00666666030884 , 0.00699996948242 , 0.00600004196167
1458826701.42 , 0.0141110685137 , 0.0179998874664 , 0.0130000114441
1458826701.73 , 0.00666666030884 , 0.00699996948242 , 0.00600004196167
1458826701.92 , 0.0141110685137 , 0.0179998874664 , 0.0130000114441
1458826702.23 , 0.00666666030884 , 0.00699996948242 , 0.00600004196167
1458826702.42 , 0.0141110685137 , 0.0179998874664 , 0.0130000114441
1458826702.73 , 0.00666666030884 , 0.00699996948242 , 0.00600004196167
1458826702.92 , 0.0141110685137 , 0.0179998874664 , 0.0130000114441
1458826703.23 , 0.00666666030884 , 0.00699996948242 , 0.00600004196167
1458826703.42 , 0.0141110685137 , 0.0179998874664 , 0.0130000114441
1458826703.73 , 0.00666666030884 , 0.00699996948242 , 0.00600004196167
1458826703.92 , 0.0141110685137 , 0.0179998874664 , 0.0130000114441
1458826704.23 , 0.00666666030884 , 0.00699996948242 , 0.00600004196167
1458826704.42 , 0.0141110685137 , 0.0179998874664 , 0.0130000114441
1458826704.73 , 0.00666666030884 , 0.00699996948242 , 0.00600004196167
1458826704.92 , 0.0141110685137 , 0.0179998874664 , 0.0130000114441
1458826705.23 , 0.00666666030884 , 0.00699996948242 , 0.00600004196167
1458826705.43 , 0.0141110685137 , 0.0179998874664 , 0.0130000114441
1458826705.73 , 0.00666666030884 , 0.00699996948242 , 0.00600004196167
1458826705.96 , 0.0141110685137 , 0.0179998874664 , 0.0130000114441
1458826706.23 , 0.00666666030884 , 0.00699996948242 , 0.00600004196167
1458826706.45 , 0.0141110685137 , 0.0179998874664 , 0.0130000114441
1458826706.73 , 0.00666666030884 , 0.00699996948242 , 0.00600004196167
1458826706.97 , 0.0141110685137 , 0.0179998874664 , 0.0130000114441
1458826707.23 , 0.00666666030884 , 0.00699996948242 , 0.00600004196167
1458826707.46 , 0.0141110685137 , 0.0179998874664 , 0.0130000114441
1458826707.73 , 0.00666666030884 , 0.00699996948242 , 0.00600004196167
1458826707.97 , 0.0141110685137 , 0.0179998874664 , 0.0130000114441
1458826708.23 , 0.00666666030884 , 0.00699996948242 , 0.00600004196167
1458826708.46 , 0.0141110685137 , 0.0179998874664 , 0.0130000114441
1458826708.73 , 0.00666666030884 , 0.00699996948242 , 0.00600004196167
1458826708.96 , 0.0141110685137 , 0.0179998874664 , 0.0130000114441
1458826709.23 , 0.00666666030884 , 0.00699996948242 , 0.00600004196167
1458826709.46 , 0.0141110685137 , 0.0179998874664 , 0.0130000114441
1458826709.73 , 0.00666666030884 , 0.00699996948242 , 0.00600004196167
1458826709.96 , 0.0141110685137 , 0.0179998874664 , 0.0130000114441
1458826710.25 , 0.00666666030884 , 0.00699996948242 , 0.00600004196167
1458826710.46 , 0.0141110685137 , 0.0179998874664 , 0.0130000114441
1458826710.74 , 0.00666666030884 , 0.00699996948242 , 0.00600004196167
1458826710.96 , 0.0141110685137 , 0.0179998874664 , 0.0130000114441
1458826711.24 , 0.00666666030884 , 0.00699996948242 , 0.00600004196167
1458826711.46 , 0.0141110685137 , 0.0179998874664 , 0.0130000114441
1458826711.74 , 0.00666666030884 , 0.00699996948242 , 0.00600004196167
1458826711.96 , 0.0141110685137 , 0.0179998874664 , 0.0130000114441
1458826712.24 , 0.00666666030884 , 0.00699996948242 , 0.00600004196167
1458826712.46 , 0.0141110685137 , 0.0179998874664 , 0.0130000114441
1458826712.74 , 0.00666666030884 , 0.00699996948242 , 0.00600004196167
1458826712.96 , 0.0141110685137 , 0.0179998874664 , 0.0130000114441
1458826713.24 , 0.00666666030884 , 0.00699996948242 , 0.00600004196167
1458826713.46 , 0.0141110685137 , 0.0179998874664 , 0.0130000114441
1458826713.74 , 0.00666666030884 , 0.00699996948242 , 0.00600004196167
1458826713.96 , 0.0141110685137 , 0.0179998874664 , 0.0130000114441
1458826714.24 , 0.00666666030884 , 0.00699996948242 , 0.00600004196167
1458826714.46 , 0.0141110685137 , 0.0179998874664 , 0.0130000114441
1458826714.74 , 0.00666666030884 , 0.00699996948242 , 0.00600004196167
1458826714.97 , 0.0141110685137 , 0.0179998874664 , 0.0130000114441
1458826715.3 , 0.00666666030884 , 0.00699996948242 , 0.00600004196167
1458826715.48 , 0.0141110685137 , 0.0179998874664 , 0.0130000114441
1458826715.8 , 0.00666666030884 , 0.00699996948242 , 0.00600004196167
1458826715.98 , 0.0141110685137 , 0.0179998874664 , 0.0130000114441
1458826716.3 , 0.00666666030884 , 0.00699996948242 , 0.00600004196167
1458826716.5 , 0.0141110685137 , 0.0179998874664 , 0.0130000114441
1458826716.81 , 0.00666666030884 , 0.00699996948242 , 0.00600004196167
1458826717.0 , 0.0141110685137 , 0.0179998874664 , 0.0130000114441
1458826717.36 , 0.00666666030884 , 0.00699996948242 , 0.00600004196167
1458826717.5 , 0.0141110685137 , 0.0179998874664 , 0.0130000114441
1458826717.85 , 0.00666666030884 , 0.00699996948242 , 0.00600004196167
1458826718.0 , 0.0141110685137 , 0.0179998874664 , 0.0130000114441
1458826718.35 , 0.00666666030884 , 0.00699996948242 , 0.00600004196167
1458826718.5 , 0.0141110685137 , 0.0179998874664 , 0.0130000114441
1458826718.85 , 0.00666666030884 , 0.00699996948242 , 0.00600004196167
1458826719.0 , 0.0141110685137 , 0.0179998874664 , 0.0130000114441
1458826719.35 , 0.00666666030884 , 0.00699996948242 , 0.00600004196167
1458826719.5 , 0.0141110685137 , 0.0179998874664 , 0.0130000114441
1458826719.85 , 0.00666666030884 , 0.00699996948242 , 0.00600004196167
1458826720.0 , 0.0141110685137 , 0.0179998874664 , 0.0130000114441
1458826720.36 , 0.00666666030884 , 0.00699996948242 , 0.00600004196167
1458826720.5 , 0.0141110685137 , 0.0179998874664 , 0.0130000114441
1458826720.85 , 0.00666666030884 , 0.00699996948242 , 0.00600004196167
1458826721.0 , 0.0141110685137 , 0.0179998874664 , 0.0130000114441
1458826721.35 , 0.00666666030884 , 0.00699996948242 , 0.00600004196167
1458826721.5 , 0.0141110685137 , 0.0179998874664 , 0.0130000114441
1458826721.86 , 0.00666666030884 , 0.00699996948242 , 0.00600004196167
1458826722.0 , 0.0141110685137 , 0.0179998874664 , 0.0130000114441
1458826722.36 , 0.00666666030884 , 0.00699996948242 , 0.00600004196167
1458826722.5 , 0.0141110685137 , 0.0179998874664 , 0.0130000114441
1458826722.86 , 0.00666666030884 , 0.00699996948242 , 0.00600004196167
1458826723.0 , 0.0141110685137 , 0.0179998874664 , 0.0130000114441
1458826723.36 , 0.00666666030884 , 0.00699996948242 , 0.00600004196167
1458826723.5 , 0.0141110685137 , 0.0179998874664 , 0.0130000114441
1458826723.86 , 0.00666666030884 , 0.00699996948242 , 0.00600004196167
1458826724.0 , 0.0141110685137 , 0.0179998874664 , 0.0130000114441
1458826724.36 , 0.00666666030884 , 0.00699996948242 , 0.00600004196167
1458826724.5 , 0.0141110685137 , 0.0179998874664 , 0.0130000114441
1458826724.86 , 0.00666666030884 , 0.00699996948242 , 0.00600004196167
1458826725.0 , 0.0141110685137 , 0.0179998874664 , 0.0130000114441
1458826725.36 , 0.00666666030884 , 0.00699996948242 , 0.00600004196167
1458826725.5 , 0.0141110685137 , 0.0179998874664 , 0.0130000114441
1458826725.86 , 0.00666666030884 , 0.00699996948242 , 0.00600004196167
1458826726.0 , 0.0141110685137 , 0.0179998874664 , 0.0130000114441
1458826726.36 , 0.00666666030884 , 0.00699996948242 , 0.00600004196167
1458826726.5 , 0.0141110685137 , 0.0179998874664 , 0.0130000114441
1458826726.86 , 0.00666666030884 , 0.00699996948242 , 0.00600004196167
1458826727.0 , 0.0141110685137 , 0.0179998874664 , 0.0130000114441
1458826727.36 , 0.00666666030884 , 0.00699996948242 , 0.00600004196167
1458826727.5 , 0.0141110685137 , 0.0179998874664 , 0.0130000114441
1458826727.86 , 0.00666666030884 , 0.00699996948242 , 0.00600004196167
1458826728.0 , 0.0141110685137 , 0.0179998874664 , 0.0130000114441
1458826728.36 , 0.00666666030884 , 0.00699996948242 , 0.00600004196167
1458826728.5 , 0.0141110685137 , 0.0179998874664 , 0.0130000114441
1458826728.86 , 0.00666666030884 , 0.00699996948242 , 0.00600004196167
1458826729.0 , 0.0141110685137 , 0.0179998874664 , 0.0130000114441
1458826729.36 , 0.00666666030884 , 0.00699996948242 , 0.00600004196167
1458826729.5 , 0.0141110685137 , 0.0179998874664 , 0.0130000114441
1458826729.86 , 0.00666666030884 , 0.00699996948242 , 0.00600004196167
1458826730.0 , 0.0141110685137 , 0.0179998874664 , 0.0130000114441
1458826730.36 , 0.00666666030884 , 0.00699996948242 , 0.00600004196167
1458826730.5 , 0.0141110685137 , 0.0179998874664 , 0.0130000114441
1458826730.86 , 0.00666666030884 , 0.00699996948242 , 0.00600004196167
1458826731.0 , 0.0141110685137 , 0.0179998874664 , 0.0130000114441
1458826731.36 , 0.00666666030884 , 0.00699996948242 , 0.00600004196167
1458826731.5 , 0.0141110685137 , 0.0179998874664 , 0.0130000114441
1458826731.86 , 0.00666666030884 , 0.00699996948242 , 0.00600004196167
1458826732.0 , 0.0141110685137 , 0.0179998874664 , 0.0130000114441
1458826732.36 , 0.00666666030884 , 0.00699996948242 , 0.00600004196167
1458826732.5 , 0.0141110685137 , 0.0179998874664 , 0.0130000114441
1458826732.87 , 0.00666666030884 , 0.00699996948242 , 0.00600004196167
1458826733.0 , 0.0141110685137 , 0.0179998874664 , 0.0130000114441
1458826733.37 , 0.00666666030884 , 0.00699996948242 , 0.00600004196167
1458826733.5 , 0.0141110685137 , 0.0179998874664 , 0.0130000114441
1458826733.87 , 0.00666666030884 , 0.00699996948242 , 0.00600004196167
1458826734.0 , 0.0141110685137 , 0.0179998874664 , 0.0130000114441
1458826734.37 , 0.00666666030884 , 0.00699996948242 , 0.00600004196167
1458826734.5 , 0.0141110685137 , 0.0179998874664 , 0.0130000114441
1458826734.87 , 0.00666666030884 , 0.00699996948242 , 0.00600004196167
1458826735.0 , 0.0141110685137 , 0.0179998874664 , 0.0130000114441
1458826735.37 , 0.00666666030884 , 0.00699996948242 , 0.00600004196167
1458826735.51 , 0.0141110685137 , 0.0179998874664 , 0.0130000114441
1458826735.87 , 0.00666666030884 , 0.00699996948242 , 0.00600004196167
1458826736.01 , 0.0141110685137 , 0.0179998874664 , 0.0130000114441
1458826736.38 , 0.00666666030884 , 0.00699996948242 , 0.00600004196167
1458826736.51 , 0.0141110685137 , 0.0179998874664 , 0.0130000114441
1458826736.88 , 0.00666666030884 , 0.00699996948242 , 0.00600004196167
1458826737.01 , 0.0141110685137 , 0.0179998874664 , 0.0130000114441
1458826737.39 , 0.00666666030884 , 0.00699996948242 , 0.00600004196167
1458826737.51 , 0.0141110685137 , 0.0179998874664 , 0.0130000114441
1458826737.89 , 0.00666666030884 , 0.00699996948242 , 0.00600004196167
1458826738.01 , 0.0141110685137 , 0.0179998874664 , 0.0130000114441
1458826738.39 , 0.00666666030884 , 0.00699996948242 , 0.00600004196167
1458826738.51 , 0.0141110685137 , 0.0179998874664 , 0.0130000114441
1458826738.89 , 0.00666666030884 , 0.00699996948242 , 0.00600004196167
1458826739.01 , 0.0141110685137 , 0.0179998874664 , 0.0130000114441
1458826739.39 , 0.00666666030884 , 0.00699996948242 , 0.00600004196167
1458826739.51 , 0.0141110685137 , 0.0179998874664 , 0.0130000114441
1458826739.89 , 0.00666666030884 , 0.00699996948242 , 0.00600004196167
1458826740.01 , 0.0141110685137 , 0.0179998874664 , 0.0130000114441
1458826740.4 , 0.00666666030884 , 0.00699996948242 , 0.00600004196167
1458826740.51 , 0.0141110685137 , 0.0179998874664 , 0.0130000114441
1458826740.89 , 0.00666666030884 , 0.00699996948242 , 0.00600004196167
1458826741.01 , 0.0141110685137 , 0.0179998874664 , 0.0130000114441
1458826741.39 , 0.00666666030884 , 0.00699996948242 , 0.00600004196167
1458826741.51 , 0.0141110685137 , 0.0179998874664 , 0.0130000114441
1458826741.89 , 0.00666666030884 , 0.00699996948242 , 0.00600004196167
1458826742.03 , 0.0141110685137 , 0.0179998874664 , 0.0130000114441
1458826742.39 , 0.00666666030884 , 0.00699996948242 , 0.00600004196167
1458826742.52 , 0.0141110685137 , 0.0179998874664 , 0.0130000114441
1458826742.9 , 0.00666666030884 , 0.00699996948242 , 0.00600004196167
1458826743.02 , 0.0141110685137 , 0.0179998874664 , 0.0130000114441
1458826743.4 , 0.00666666030884 , 0.00699996948242 , 0.00600004196167
1458826743.52 , 0.0141110685137 , 0.0179998874664 , 0.0130000114441
1458826743.9 , 0.00666666030884 , 0.00699996948242 , 0.00600004196167
1458826744.02 , 0.0141110685137 , 0.0179998874664 , 0.0130000114441
1458826744.4 , 0.00666666030884 , 0.00699996948242 , 0.00600004196167
1458826744.52 , 0.0141110685137 , 0.0179998874664 , 0.0130000114441
1458826744.9 , 0.00666666030884 , 0.00699996948242 , 0.00600004196167
1458826745.02 , 0.0141110685137 , 0.0179998874664 , 0.0130000114441
1458826745.4 , 0.00666666030884 , 0.00699996948242 , 0.00600004196167
1458826745.52 , 0.0141110685137 , 0.0179998874664 , 0.0130000114441
1458826745.9 , 0.00666666030884 , 0.00699996948242 , 0.00600004196167
1458826746.02 , 0.0141110685137 , 0.0179998874664 , 0.0130000114441
1458826746.4 , 0.00666666030884 , 0.00699996948242 , 0.00600004196167
1458826746.52 , 0.0141110685137 , 0.0179998874664 , 0.0130000114441
1458826746.9 , 0.00666666030884 , 0.00699996948242 , 0.00600004196167
1458826747.02 , 0.0141110685137 , 0.0179998874664 , 0.0130000114441
1458826747.4 , 0.00666666030884 , 0.00699996948242 , 0.00600004196167
1458826747.52 , 0.0141110685137 , 0.0179998874664 , 0.0130000114441
1458826747.9 , 0.00666666030884 , 0.00699996948242 , 0.00600004196167
1458826748.02 , 0.0141110685137 , 0.0179998874664 , 0.0130000114441
1458826748.4 , 0.00666666030884 , 0.00699996948242 , 0.00600004196167
1458826748.53 , 0.0141110685137 , 0.0179998874664 , 0.0130000114441
1458826748.9 , 0.00666666030884 , 0.00699996948242 , 0.00600004196167
1458826749.02 , 0.0141110685137 , 0.0179998874664 , 0.0130000114441
1458826749.4 , 0.00666666030884 , 0.00699996948242 , 0.00600004196167
1458826749.53 , 0.0141110685137 , 0.0179998874664 , 0.0130000114441
1458826749.9 , 0.00666666030884 , 0.00699996948242 , 0.00600004196167
1458826750.07 , 0.0141110685137 , 0.0179998874664 , 0.0130000114441
1458826750.47 , 0.00666666030884 , 0.00699996948242 , 0.00600004196167
1458826750.57 , 0.0141110685137 , 0.0179998874664 , 0.0130000114441
1458826750.96 , 0.00666666030884 , 0.00699996948242 , 0.00600004196167
1458826751.07 , 0.0141110685137 , 0.0179998874664 , 0.0130000114441
1458826751.46 , 0.00666666030884 , 0.00699996948242 , 0.00600004196167
1458826751.57 , 0.0141110685137 , 0.0179998874664 , 0.0130000114441
1458826751.96 , 0.00666666030884 , 0.00699996948242 , 0.00600004196167
1458826752.08 , 0.0141110685137 , 0.0179998874664 , 0.0130000114441
1458826752.46 , 0.00666666030884 , 0.00699996948242 , 0.00600004196167
1458826752.57 , 0.0141110685137 , 0.0179998874664 , 0.0130000114441
1458826752.96 , 0.00666666030884 , 0.00699996948242 , 0.00600004196167
1458826753.07 , 0.0141110685137 , 0.0179998874664 , 0.0130000114441
1458826753.46 , 0.00666666030884 , 0.00699996948242 , 0.00600004196167
1458826753.57 , 0.0141110685137 , 0.0179998874664 , 0.0130000114441
1458826753.96 , 0.00666666030884 , 0.00699996948242 , 0.00600004196167
1458826754.07 , 0.0141110685137 , 0.0179998874664 , 0.0130000114441
1458826754.46 , 0.00666666030884 , 0.00699996948242 , 0.00600004196167
1458826754.58 , 0.0141110685137 , 0.0179998874664 , 0.0130000114441
1458826754.96 , 0.00666666030884 , 0.00699996948242 , 0.00600004196167
1458826755.08 , 0.0141110685137 , 0.0179998874664 , 0.0130000114441
1458826755.46 , 0.00666666030884 , 0.00699996948242 , 0.00600004196167
1458826755.58 , 0.0141110685137 , 0.0179998874664 , 0.0130000114441
1458826755.97 , 0.00666666030884 , 0.00699996948242 , 0.00600004196167
1458826756.08 , 0.0141110685137 , 0.0179998874664 , 0.0130000114441
1458826756.46 , 0.00666666030884 , 0.00699996948242 , 0.00600004196167
1458826756.58 , 0.0141110685137 , 0.0179998874664 , 0.0130000114441
1458826756.96 , 0.00666666030884 , 0.00699996948242 , 0.00600004196167
1458826757.08 , 0.0141110685137 , 0.0179998874664 , 0.0130000114441
1458826757.46 , 0.00666666030884 , 0.00699996948242 , 0.00600004196167
1458826757.58 , 0.0141110685137 , 0.0179998874664 , 0.0130000114441
1458826757.96 , 0.00666666030884 , 0.00699996948242 , 0.00600004196167
1458826758.08 , 0.0141110685137 , 0.0179998874664 , 0.0130000114441
1458826758.46 , 0.00666666030884 , 0.00699996948242 , 0.00600004196167
1458826758.58 , 0.0141110685137 , 0.0179998874664 , 0.0130000114441
1458826758.96 , 0.00666666030884 , 0.00699996948242 , 0.00600004196167
1458826759.08 , 0.0141110685137 , 0.0179998874664 , 0.0130000114441
1458826759.46 , 0.00666666030884 , 0.00699996948242 , 0.00600004196167
1458826759.58 , 0.0141110685137 , 0.0179998874664 , 0.0130000114441
1458826759.96 , 0.00666666030884 , 0.00699996948242 , 0.00600004196167
1458826760.08 , 0.0141110685137 , 0.0179998874664 , 0.0130000114441
1458826760.46 , 0.00666666030884 , 0.00699996948242 , 0.00600004196167
1458826760.58 , 0.0141110685137 , 0.0179998874664 , 0.0130000114441
1458826760.97 , 0.00666666030884 , 0.00699996948242 , 0.00600004196167
1458826761.08 , 0.0141110685137 , 0.0179998874664 , 0.0130000114441
1458826761.47 , 0.00666666030884 , 0.00699996948242 , 0.00600004196167
1458826761.58 , 0.0141110685137 , 0.0179998874664 , 0.0130000114441
1458826761.97 , 0.00666666030884 , 0.00699996948242 , 0.00600004196167
1458826762.08 , 0.0141110685137 , 0.0179998874664 , 0.0130000114441
1458826762.47 , 0.00666666030884 , 0.00699996948242 , 0.00600004196167
1458826762.58 , 0.0141110685137 , 0.0179998874664 , 0.0130000114441
1458826762.97 , 0.00666666030884 , 0.00699996948242 , 0.00600004196167
1458826763.08 , 0.0141110685137 , 0.0179998874664 , 0.0130000114441
1458826763.47 , 0.00666666030884 , 0.00699996948242 , 0.00600004196167
1458826763.58 , 0.0141110685137 , 0.0179998874664 , 0.0130000114441
1458826763.97 , 0.00666666030884 , 0.00699996948242 , 0.00600004196167
1458826764.08 , 0.0141110685137 , 0.0179998874664 , 0.0130000114441
1458826764.47 , 0.00666666030884 , 0.00699996948242 , 0.00600004196167
1458826764.59 , 0.0141110685137 , 0.0179998874664 , 0.0130000114441
1458826764.97 , 0.00666666030884 , 0.00699996948242 , 0.00600004196167
1458826765.08 , 0.0141110685137 , 0.0179998874664 , 0.0130000114441
1458826765.47 , 0.00666666030884 , 0.00699996948242 , 0.00600004196167
1458826765.58 , 0.0141110685137 , 0.0179998874664 , 0.0130000114441
1458826765.97 , 0.00666666030884 , 0.00699996948242 , 0.00600004196167
1458826766.08 , 0.0141110685137 , 0.0179998874664 , 0.0130000114441
1458826766.47 , 0.00666666030884 , 0.00699996948242 , 0.00600004196167
1458826766.6 , 0.0141110685137 , 0.0179998874664 , 0.0130000114441
1458826766.99 , 0.00666666030884 , 0.00699996948242 , 0.00600004196167
1458826767.1 , 0.0141110685137 , 0.0179998874664 , 0.0130000114441
1458826767.51 , 0.00666666030884 , 0.00699996948242 , 0.00600004196167
1458826767.65 , 0.0141110685137 , 0.0179998874664 , 0.0130000114441
1458826768.07 , 0.00666666030884 , 0.00699996948242 , 0.00600004196167
1458826768.14 , 0.0141110685137 , 0.0179998874664 , 0.0130000114441
1458826768.54 , 0.00666666030884 , 0.00699996948242 , 0.00600004196167
1458826768.64 , 0.0141110685137 , 0.0179998874664 , 0.0130000114441
1458826769.08 , 0.00666666030884 , 0.00699996948242 , 0.00600004196167
1458826769.21 , 0.0141110685137 , 0.0179998874664 , 0.0130000114441
1458826769.58 , 0.00666666030884 , 0.00699996948242 , 0.00600004196167
1458826769.65 , 0.0141110685137 , 0.0179998874664 , 0.0130000114441
1458826770.12 , 0.00666666030884 , 0.00699996948242 , 0.00600004196167
1458826770.15 , 0.0141110685137 , 0.0179998874664 , 0.0130000114441
1458826770.62 , 0.00666666030884 , 0.00699996948242 , 0.00600004196167
1458826770.65 , 0.0141110685137 , 0.0179998874664 , 0.0130000114441
1458826771.12 , 0.00666666030884 , 0.00699996948242 , 0.00600004196167
1458826771.15 , 0.0141110685137 , 0.0179998874664 , 0.0130000114441
1458826771.62 , 0.00666666030884 , 0.00699996948242 , 0.00600004196167
1458826771.65 , 0.0141110685137 , 0.0179998874664 , 0.0130000114441
1458826772.12 , 0.00666666030884 , 0.00699996948242 , 0.00600004196167
1458826772.15 , 0.0141110685137 , 0.0179998874664 , 0.0130000114441
1458826772.62 , 0.00666666030884 , 0.00699996948242 , 0.00600004196167
1458826772.65 , 0.0141110685137 , 0.0179998874664 , 0.0130000114441
1458826773.12 , 0.00666666030884 , 0.00699996948242 , 0.00600004196167
1458826773.15 , 0.0141110685137 , 0.0179998874664 , 0.0130000114441
1458826773.62 , 0.00666666030884 , 0.00699996948242 , 0.00600004196167
1458826773.67 , 0.0141110685137 , 0.0179998874664 , 0.0130000114441
1458826774.13 , 0.00666666030884 , 0.00699996948242 , 0.00600004196167
1458826774.17 , 0.0141110685137 , 0.0179998874664 , 0.0130000114441
1458826774.64 , 0.00666666030884 , 0.00699996948242 , 0.00600004196167
1458826774.69 , 0.0141110685137 , 0.0179998874664 , 0.0130000114441
1458826775.19 , 0.0141110685137 , 0.0179998874664 , 0.0130000114441
1458826775.29 , 0.00666666030884 , 0.00699996948242 , 0.00600004196167
1458826775.66 , 0.00666666030884 , 0.00699996948242 , 0.00600004196167
1458826775.72 , 0.0141110685137 , 0.0179998874664 , 0.0130000114441
1458826776.16 , 0.00666666030884 , 0.00699996948242 , 0.00600004196167
1458826776.22 , 0.0141110685137 , 0.0179998874664 , 0.0130000114441
1458826776.65 , 0.00666666030884 , 0.00699996948242 , 0.00600004196167
1458826776.72 , 0.0141110685137 , 0.0179998874664 , 0.0130000114441
1458826777.22 , 0.00666666030884 , 0.00699996948242 , 0.00600004196167
1458826777.22 , 0.0141110685137 , 0.0179998874664 , 0.0130000114441
1458826777.72 , 0.00666666030884 , 0.00699996948242 , 0.00600004196167
1458826777.72 , 0.0141110685137 , 0.0179998874664 , 0.0130000114441
1458826778.22 , 0.00666666030884 , 0.00699996948242 , 0.00600004196167
1458826778.22 , 0.0141110685137 , 0.0179998874664 , 0.0130000114441
1458826778.72 , 0.0141110685137 , 0.0179998874664 , 0.0130000114441
7
1458826779.24 , 0.0141110685137 , 0.0179998874664 , 0.0130000114441
1458826779.31 , 0.00666666030884 , 0.00699996948242 , 0.00600004196167
1458826779.74 , 0.0141110685137 , 0.0179998874664 , 0.0130000114441
1458826779.77 , 0.00666666030884 , 0.00699996948242 , 0.00600004196167
1458826780.25 , 0.0141110685137 , 0.0179998874664 , 0.0130000114441
1458826780.27 , 0.00666666030884 , 0.00699996948242 , 0.00600004196167
1458826780.75 , 0.0141110685137 , 0.0179998874664 , 0.0130000114441
1458826780.77 , 0.00666666030884 , 0.00699996948242 , 0.00600004196167
1458826781.25 , 0.0141110685137 , 0.0179998874664 , 0.0130000114441
1458826781.27 , 0.00666666030884 , 0.00699996948242 , 0.00600004196167
1458826781.75 , 0.0141110685137 , 0.0179998874664 , 0.0130000114441
1458826781.77 , 0.00666666030884 , 0.00699996948242 , 0.00600004196167
1458826782.25 , 0.0141110685137 , 0.0179998874664 , 0.0130000114441
1458826782.27 , 0.00666666030884 , 0.00699996948242 , 0.00600004196167
1458826782.75 , 0.0141110685137 , 0.0179998874664 , 0.0130000114441
1458826782.77 , 0.00666666030884 , 0.00699996948242 , 0.00600004196167
1458826783.25 , 0.0141110685137 , 0.0179998874664 , 0.0130000114441
1458826783.27 , 0.00666666030884 , 0.00699996948242 , 0.00600004196167
1458826783.75 , 0.0141110685137 , 0.0179998874664 , 0.0130000114441
1458826783.77 , 0.00666666030884 , 0.00699996948242 , 0.00600004196167
1458826784.26 , 0.0141110685137 , 0.0179998874664 , 0.0130000114441
1458826784.27 , 0.00666666030884 , 0.00699996948242 , 0.00600004196167
1458826784.75 , 0.0141110685137 , 0.0179998874664 , 0.0130000114441
1458826784.77 , 0.00666666030884 , 0.00699996948242 , 0.00600004196167
1458826785.25 , 0.0141110685137 , 0.0179998874664 , 0.0130000114441
1458826785.27 , 0.00666666030884 , 0.00699996948242 , 0.00600004196167
1458826785.75 , 0.0141110685137 , 0.0179998874664 , 0.0130000114441
1458826785.77 , 0.00666666030884 , 0.00699996948242 , 0.00600004196167
1458826786.25 , 0.0141110685137 , 0.0179998874664 , 0.0130000114441
1458826786.27 , 0.00666666030884 , 0.00699996948242 , 0.00600004196167
1458826786.75 , 0.0141110685137 , 0.0179998874664 , 0.0130000114441
1458826786.77 , 0.00666666030884 , 0.00699996948242 , 0.00600004196167
1458826787.25 , 0.0141110685137 , 0.0179998874664 , 0.0130000114441
1458826787.27 , 0.00666666030884 , 0.00699996948242 , 0.00600004196167
1458826787.75 , 0.0141110685137 , 0.0179998874664 , 0.0130000114441
1458826787.77 , 0.00666666030884 , 0.00699996948242 , 0.00600004196167
1458826788.25 , 0.0141110685137 , 0.0179998874664 , 0.0130000114441
1458826788.27 , 0.00666666030884 , 0.00699996948242 , 0.00600004196167
1458826788.75 , 0.0141110685137 , 0.0179998874664 , 0.0130000114441
1458826788.77 , 0.00666666030884 , 0.00699996948242 , 0.00600004196167
1458826789.25 , 0.0141110685137 , 0.0179998874664 , 0.0130000114441
1458826789.27 , 0.00666666030884 , 0.00699996948242 , 0.00600004196167
1458826789.75 , 0.0141110685137 , 0.0179998874664 , 0.0130000114441
1458826789.77 , 0.00666666030884 , 0.00699996948242 , 0.00600004196167
1458826790.25 , 0.0141110685137 , 0.0179998874664 , 0.0130000114441
1458826790.28 , 0.00666666030884 , 0.00699996948242 , 0.00600004196167
1458826790.75 , 0.0141110685137 , 0.0179998874664 , 0.0130000114441
1458826790.77 , 0.00666666030884 , 0.00699996948242 , 0.00600004196167
1458826791.25 , 0.0141110685137 , 0.0179998874664 , 0.0130000114441
1458826791.27 , 0.00666666030884 , 0.00699996948242 , 0.00600004196167
1458826791.75 , 0.0141110685137 , 0.0179998874664 , 0.0130000114441
1458826791.77 , 0.00666666030884 , 0.00699996948242 , 0.00600004196167
1458826792.25 , 0.0141110685137 , 0.0179998874664 , 0.0130000114441
1458826792.27 , 0.00666666030884 , 0.00699996948242 , 0.00600004196167
1458826792.75 , 0.0141110685137 , 0.0179998874664 , 0.0130000114441
1458826792.77 , 0.00666666030884 , 0.00699996948242 , 0.00600004196167
1458826793.25 , 0.0141110685137 , 0.0179998874664 , 0.0130000114441
1458826793.27 , 0.00666666030884 , 0.00699996948242 , 0.00600004196167
1458826793.75 , 0.0141110685137 , 0.0179998874664 , 0.0130000114441
1458826793.77 , 0.00666666030884 , 0.00699996948242 , 0.00600004196167
1458826794.25 , 0.0141110685137 , 0.0179998874664 , 0.0130000114441
1458826794.27 , 0.00666666030884 , 0.00699996948242 , 0.00600004196167
1458826794.75 , 0.0141110685137 , 0.0179998874664 , 0.0130000114441
1458826794.78 , 0.00666666030884 , 0.00699996948242 , 0.00600004196167
1458826795.25 , 0.0141110685137 , 0.0179998874664 , 0.0130000114441
1458826795.27 , 0.00666666030884 , 0.00699996948242 , 0.00600004196167
1458826795.75 , 0.0141110685137 , 0.0179998874664 , 0.0130000114441
1458826795.77 , 0.00666666030884 , 0.00699996948242 , 0.00600004196167
1458826796.25 , 0.0141110685137 , 0.0179998874664 , 0.0130000114441
1458826796.27 , 0.00666666030884 , 0.00699996948242 , 0.00600004196167
1458826796.75 , 0.0141110685137 , 0.0179998874664 , 0.0130000114441
1458826796.77 , 0.00666666030884 , 0.00699996948242 , 0.00600004196167
1458826797.28 , 0.0141110685137 , 0.0179998874664 , 0.0130000114441
1458826797.3 , 0.00666666030884 , 0.00699996948242 , 0.00600004196167
1458826797.8 , 0.0141110685137 , 0.0179998874664 , 0.0130000114441
1458826797.84 , 0.00666666030884 , 0.00699996948242 , 0.00600004196167
1458826798.31 , 0.0141110685137 , 0.0179998874664 , 0.0130000114441
1458826798.33 , 0.00666666030884 , 0.00699996948242 , 0.00600004196167
1458826798.83 , 0.0141110685137 , 0.0179998874664 , 0.0130000114441
1458826798.85 , 0.00666666030884 , 0.00699996948242 , 0.00600004196167
1458826799.36 , 0.0141110685137 , 0.0179998874664 , 0.0130000114441
1458826799.4 , 0.00666666030884 , 0.00699996948242 , 0.00600004196167
1458826799.83 , 0.0141110685137 , 0.0179998874664 , 0.0130000114441
1458826799.9 , 0.00666666030884 , 0.00699996948242 , 0.00600004196167
1458826800.33 , 0.0141110685137 , 0.0179998874664 , 0.0130000114441
1458826800.4 , 0.00666666030884 , 0.00699996948242 , 0.00600004196167
1458826800.83 , 0.0141110685137 , 0.0179998874664 , 0.0130000114441
1458826800.9 , 0.00666666030884 , 0.00699996948242 , 0.00600004196167
1458826801.33 , 0.0141110685137 , 0.0179998874664 , 0.0130000114441
1458826801.4 , 0.00666666030884 , 0.00699996948242 , 0.00600004196167
1458826801.83 , 0.0141110685137 , 0.0179998874664 , 0.0130000114441
1458826801.9 , 0.00666666030884 , 0.00699996948242 , 0.00600004196167
1458826802.33 , 0.0141110685137 , 0.0179998874664 , 0.0130000114441
1458826802.4 , 0.00666666030884 , 0.00699996948242 , 0.00600004196167
